104;8;75;,0.16666666666666666;0.16666666666666666;0.16666666666666666;0.16666666666666666;0.16666666666666666;0.16666666666666666;
140;118;78;,0.16666666666666669;0.16666666666666669;0.16666666666666669;0.16666666666666669;0.16666666666666669;0.16666666666666669;
92;87;89;,0.16666666666666669;0.16666666666666669;0.16666666666666669;0.16666666666666669;0.16666666666666669;0.16666666666666669;
118;26;63;,0.16666666666666666;0.16666666666666666;0.16666666666666666;0.16666666666666666;0.16666666666666666;0.16666666666666666;
53;119;90;,0.16666666666666669;0.16666666666666669;0.16666666666666669;0.16666666666666669;0.16666666666666669;0.16666666666666669;
86;2;62;,0.16666666666666669;0.16666666666666669;0.16666666666666669;0.16666666666666669;0.16666666666666669;0.16666666666666669;
255;0;0;,0.16666666666666666;0.16666666666666666;0.16666666666666666;0.16666666666666666;0.16666666666666666;0.16666666666666666;
40;118;8;,0.16666666666666669;0.16666666666666669;0.16666666666666669;0.16666666666666669;0.16666666666666669;0.16666666666666669;
111;64;74;,0.16666666666666669;0.16666666666666669;0.16666666666666669;0.16666666666666669;0.16666666666666669;0.16666666666666669;
114;79;71;,0.16666666666666669;0.16666666666666669;0.16666666666666669;0.16666666666666669;0.16666666666666669;0.16666666666666669;
138;119;88;,0.16666666666666666;0.16666666666666666;0.16666666666666666;0.16666666666666666;0.16666666666666666;0.16666666666666666;
113;91;29;,0.16666666666666666;0.16666666666666666;0.16666666666666666;0.16666666666666666;0.16666666666666666;0.16666666666666666;
48;3;58;,0.16666666666666666;0.16666666666666666;0.16666666666666666;0.16666666666666666;0.16666666666666666;0.16666666666666666;
70;44;70;,0.16666666666666666;0.16666666666666666;0.16666666666666666;0.16666666666666666;0.16666666666666666;0.16666666666666666;
144;85;72;,0.16666666666666666;0.16666666666666666;0.16666666666666666;0.16666666666666666;0.16666666666666666;0.16666666666666666;
255;0;0;,0.16666666666666669;0.16666666666666669;0.16666666666666669;0.16666666666666669;0.16666666666666669;0.16666666666666669;
255;0;0;,0.16666666666666669;0.16666666666666669;0.16666666666666669;0.16666666666666669;0.16666666666666669;0.16666666666666669;
132;57;83;,0.16666666666666666;0.16666666666666666;0.16666666666666666;0.16666666666666666;0.16666666666666666;0.16666666666666666;
65;99;94;,0.16666666666666666;0.16666666666666666;0.16666666666666666;0.16666666666666666;0.16666666666666666;0.16666666666666666;
128;9;64;,0.16666666666666669;0.16666666666666669;0.16666666666666669;0.16666666666666669;0.16666666666666669;0.16666666666666669;
115;39;62;,0.16666666666666669;0.16666666666666669;0.16666666666666669;0.16666666666666669;0.16666666666666669;0.16666666666666669;
101;47;72;,0.16666666666666666;0.16666666666666666;0.16666666666666666;0.16666666666666666;0.16666666666666666;0.16666666666666666;
69;80;78;,0.16666666666666669;0.16666666666666669;0.16666666666666669;0.16666666666666669;0.16666666666666669;0.16666666666666669;
105;52;30;,0.16666666666666666;0.16666666666666666;0.16666666666666666;0.16666666666666666;0.16666666666666666;0.16666666666666666;
39;31;78;,0.16666666666666666;0.16666666666666666;0.16666666666666666;0.16666666666666666;0.16666666666666666;0.16666666666666666;
140;122;80;,0.16666666666666669;0.16666666666666669;0.16666666666666669;0.16666666666666669;0.16666666666666669;0.16666666666666669;
140;99;75;,0.16666666666666666;0.16666666666666666;0.16666666666666666;0.16666666666666666;0.16666666666666666;0.16666666666666666;
122;4;71;,0.16666666666666669;0.16666666666666669;0.16666666666666669;0.16666666666666669;0.16666666666666669;0.16666666666666669;
255;0;0;,0.16666666666666669;0.16666666666666669;0.16666666666666669;0.16666666666666669;0.16666666666666669;0.16666666666666669;
123;2;63;,0.16666666666666669;0.16666666666666669;0.16666666666666669;0.16666666666666669;0.16666666666666669;0.16666666666666669;
75;43;65;,0.16666666666666666;0.16666666666666666;0.16666666666666666;0.16666666666666666;0.16666666666666666;0.16666666666666666;
21;43;13;,0.16666666666666666;0.16666666666666666;0.16666666666666666;0.16666666666666666;0.16666666666666666;0.16666666666666666;
75;121;93;,0.16666666666666669;0.16666666666666669;0.16666666666666669;0.16666666666666669;0.16666666666666669;0.16666666666666669;
255;0;0;,0.16666666666666666;0.16666666666666666;0.16666666666666666;0.16666666666666666;0.16666666666666666;0.16666666666666666;
47;27;69;,0.16666666666666666;0.16666666666666666;0.16666666666666666;0.16666666666666666;0.16666666666666666;0.16666666666666666;
255;0;0;,0.16666666666666669;0.16666666666666669;0.16666666666666669;0.16666666666666669;0.16666666666666669;0.16666666666666669;
140;116;80;,0.16666666666666666;0.16666666666666666;0.16666666666666666;0.16666666666666666;0.16666666666666666;0.16666666666666666;
123;13;62;,0.16666666666666669;0.16666666666666669;0.16666666666666669;0.16666666666666669;0.16666666666666669;0.16666666666666669;
140;120;79;,0.16666666666666669;0.16666666666666669;0.16666666666666669;0.16666666666666669;0.16666666666666669;0.16666666666666669;
255;0;0;,0.16666666666666666;0.16666666666666666;0.16666666666666666;0.16666666666666666;0.16666666666666666;0.16666666666666666;
110;3;63;,0.16666666666666666;0.16666666666666666;0.16666666666666666;0.16666666666666666;0.16666666666666666;0.16666666666666666;
42;57;75;,0.16666666666666666;0.16666666666666666;0.16666666666666666;0.16666666666666666;0.16666666666666666;0.16666666666666666;
118;87;74;,0.16666666666666669;0.16666666666666669;0.16666666666666669;0.16666666666666669;0.16666666666666669;0.16666666666666669;
112;56;28;,0.16666666666666666;0.16666666666666666;0.16666666666666666;0.16666666666666666;0.16666666666666666;0.16666666666666666;
140;95;79;,0.16666666666666666;0.16666666666666666;0.16666666666666666;0.16666666666666666;0.16666666666666666;0.16666666666666666;
255;0;0;,0.16666666666666669;0.16666666666666669;0.16666666666666669;0.16666666666666669;0.16666666666666669;0.16666666666666669;
124;97;40;,0.16666666666666666;0.16666666666666666;0.16666666666666666;0.16666666666666666;0.16666666666666666;0.16666666666666666;
255;0;0;,0.16666666666666666;0.16666666666666666;0.16666666666666666;0.16666666666666666;0.16666666666666666;0.16666666666666666;
119;1;71;,0.16666666666666666;0.16666666666666666;0.16666666666666666;0.16666666666666666;0.16666666666666666;0.16666666666666666;
58;94;85;,0.16666666666666669;0.16666666666666669;0.16666666666666669;0.16666666666666669;0.16666666666666669;0.16666666666666669;
148;72;69;,0.16666666666666666;0.16666666666666666;0.16666666666666666;0.16666666666666666;0.16666666666666666;0.16666666666666666;
142;97;75;,0.16666666666666666;0.16666666666666666;0.16666666666666666;0.16666666666666666;0.16666666666666666;0.16666666666666666;
54;51;64;,0.16666666666666669;0.16666666666666669;0.16666666666666669;0.16666666666666669;0.16666666666666669;0.16666666666666669;
119;14;38;,0.16666666666666669;0.16666666666666669;0.16666666666666669;0.16666666666666669;0.16666666666666669;0.16666666666666669;
120;1;63;,0.16666666666666666;0.16666666666666666;0.16666666666666666;0.16666666666666666;0.16666666666666666;0.16666666666666666;
133;99;80;,0.16666666666666666;0.16666666666666666;0.16666666666666666;0.16666666666666666;0.16666666666666666;0.16666666666666666;
255;0;0;,0.16666666666666666;0.16666666666666666;0.16666666666666666;0.16666666666666666;0.16666666666666666;0.16666666666666666;
144;89;73;,0.16666666666666669;0.16666666666666669;0.16666666666666669;0.16666666666666669;0.16666666666666669;0.16666666666666669;
96;63;83;,0.16666666666666666;0.16666666666666666;0.16666666666666666;0.16666666666666666;0.16666666666666666;0.16666666666666666;
95;77;87;,0.16666666666666666;0.16666666666666666;0.16666666666666666;0.16666666666666666;0.16666666666666666;0.16666666666666666;
255;0;0;,0.16666666666666669;0.16666666666666669;0.16666666666666669;0.16666666666666669;0.16666666666666669;0.16666666666666669;
140;101;78;,0.16666666666666666;0.16666666666666666;0.16666666666666666;0.16666666666666666;0.16666666666666666;0.16666666666666666;
57;47;75;,0.16666666666666666;0.16666666666666666;0.16666666666666666;0.16666666666666666;0.16666666666666666;0.16666666666666666;
130;110;42;,0.16666666666666669;0.16666666666666669;0.16666666666666669;0.16666666666666669;0.16666666666666669;0.16666666666666669;
114;86;31;,0.16666666666666666;0.16666666666666666;0.16666666666666666;0.16666666666666666;0.16666666666666666;0.16666666666666666;
124;4;51;,0.16666666666666669;0.16666666666666669;0.16666666666666669;0.16666666666666669;0.16666666666666669;0.16666666666666669;
141;99;77;,0.16666666666666669;0.16666666666666669;0.16666666666666669;0.16666666666666669;0.16666666666666669;0.16666666666666669;
140;117;79;,0.16666666666666669;0.16666666666666669;0.16666666666666669;0.16666666666666669;0.16666666666666669;0.16666666666666669;
140;122;80;,0.16666666666666666;0.16666666666666666;0.16666666666666666;0.16666666666666666;0.16666666666666666;0.16666666666666666;
142;49;72;,0.16666666666666666;0.16666666666666666;0.16666666666666666;0.16666666666666666;0.16666666666666666;0.16666666666666666;
122;21;78;,0.16666666666666666;0.16666666666666666;0.16666666666666666;0.16666666666666666;0.16666666666666666;0.16666666666666666;
151;7;52;,0.16666666666666669;0.16666666666666669;0.16666666666666669;0.16666666666666669;0.16666666666666669;0.16666666666666669;
117;94;38;,0.16666666666666669;0.16666666666666669;0.16666666666666669;0.16666666666666669;0.16666666666666669;0.16666666666666669;
139;111;83;,0.16666666666666669;0.16666666666666669;0.16666666666666669;0.16666666666666669;0.16666666666666669;0.16666666666666669;
92;3;62;,0.16666666666666666;0.16666666666666666;0.16666666666666666;0.16666666666666666;0.16666666666666666;0.16666666666666666;
124;100;88;,0.16666666666666666;0.16666666666666666;0.16666666666666666;0.16666666666666666;0.16666666666666666;0.16666666666666666;
143;95;74;,0.16666666666666666;0.16666666666666666;0.16666666666666666;0.16666666666666666;0.16666666666666666;0.16666666666666666;
148;52;66;,0.16666666666666666;0.16666666666666666;0.16666666666666666;0.16666666666666666;0.16666666666666666;0.16666666666666666;
115;123;32;,0.16666666666666666;0.16666666666666666;0.16666666666666666;0.16666666666666666;0.16666666666666666;0.16666666666666666;
255;0;0;,0.16666666666666669;0.16666666666666669;0.16666666666666669;0.16666666666666669;0.16666666666666669;0.16666666666666669;
139;101;82;,0.16666666666666666;0.16666666666666666;0.16666666666666666;0.16666666666666666;0.16666666666666666;0.16666666666666666;
90;9;74;,0.16666666666666669;0.16666666666666669;0.16666666666666669;0.16666666666666669;0.16666666666666669;0.16666666666666669;
58;75;89;,0.16666666666666666;0.16666666666666666;0.16666666666666666;0.16666666666666666;0.16666666666666666;0.16666666666666666;
140;123;79;,0.16666666666666669;0.16666666666666669;0.16666666666666669;0.16666666666666669;0.16666666666666669;0.16666666666666669;
119;12;51;,0.16666666666666666;0.16666666666666666;0.16666666666666666;0.16666666666666666;0.16666666666666666;0.16666666666666666;
111;10;28;,0.16666666666666669;0.16666666666666669;0.16666666666666669;0.16666666666666669;0.16666666666666669;0.16666666666666669;
95;14;48;,0.16666666666666666;0.16666666666666666;0.16666666666666666;0.16666666666666666;0.16666666666666666;0.16666666666666666;
140;111;88;,0.16666666666666669;0.16666666666666669;0.16666666666666669;0.16666666666666669;0.16666666666666669;0.16666666666666669;
89;4;48;,0.16666666666666666;0.16666666666666666;0.16666666666666666;0.16666666666666666;0.16666666666666666;0.16666666666666666;
140;111;80;,0.16666666666666669;0.16666666666666669;0.16666666666666669;0.16666666666666669;0.16666666666666669;0.16666666666666669;
115;123;32;,0.16666666666666669;0.16666666666666669;0.16666666666666669;0.16666666666666669;0.16666666666666669;0.16666666666666669;
50;13;68;,0.16666666666666669;0.16666666666666669;0.16666666666666669;0.16666666666666669;0.16666666666666669;0.16666666666666669;
72;82;81;,0.16666666666666669;0.16666666666666669;0.16666666666666669;0.16666666666666669;0.16666666666666669;0.16666666666666669;
134;113;44;,0.16666666666666666;0.16666666666666666;0.16666666666666666;0.16666666666666666;0.16666666666666666;0.16666666666666666;
139;84;83;,0.16666666666666666;0.16666666666666666;0.16666666666666666;0.16666666666666666;0.16666666666666666;0.16666666666666666;
255;0;0;,0.16666666666666669;0.16666666666666669;0.16666666666666669;0.16666666666666669;0.16666666666666669;0.16666666666666669;
101;41;51;,0.16666666666666669;0.16666666666666669;0.16666666666666669;0.16666666666666669;0.16666666666666669;0.16666666666666669;
107;36;28;,0.16666666666666669;0.16666666666666669;0.16666666666666669;0.16666666666666669;0.16666666666666669;0.16666666666666669;
131;125;79;,0.16666666666666669;0.16666666666666669;0.16666666666666669;0.16666666666666669;0.16666666666666669;0.16666666666666669;
135;34;56;,0.16666666666666669;0.16666666666666669;0.16666666666666669;0.16666666666666669;0.16666666666666669;0.16666666666666669;
147;7;51;,0.16666666666666666;0.16666666666666666;0.16666666666666666;0.16666666666666666;0.16666666666666666;0.16666666666666666;
102;48;74;,0.16666666666666669;0.16666666666666669;0.16666666666666669;0.16666666666666669;0.16666666666666669;0.16666666666666669;
255;0;0;,0.16666666666666666;0.16666666666666666;0.16666666666666666;0.16666666666666666;0.16666666666666666;0.16666666666666666;
131;104;80;,0.16666666666666669;0.16666666666666669;0.16666666666666669;0.16666666666666669;0.16666666666666669;0.16666666666666669;
112;91;29;,0.16666666666666669;0.16666666666666669;0.16666666666666669;0.16666666666666669;0.16666666666666669;0.16666666666666669;
140;107;80;,0.16666666666666666;0.16666666666666666;0.16666666666666666;0.16666666666666666;0.16666666666666666;0.16666666666666666;
69;75;87;,0.16666666666666669;0.16666666666666669;0.16666666666666669;0.16666666666666669;0.16666666666666669;0.16666666666666669;
66;3;72;,0.16666666666666666;0.16666666666666666;0.16666666666666666;0.16666666666666666;0.16666666666666666;0.16666666666666666;
87;26;74;,0.16666666666666669;0.16666666666666669;0.16666666666666669;0.16666666666666669;0.16666666666666669;0.16666666666666669;
255;0;0;,0.16666666666666669;0.16666666666666669;0.16666666666666669;0.16666666666666669;0.16666666666666669;0.16666666666666669;
79;121;92;,0.16666666666666666;0.16666666666666666;0.16666666666666666;0.16666666666666666;0.16666666666666666;0.16666666666666666;
140;40;54;,0.16666666666666669;0.16666666666666669;0.16666666666666669;0.16666666666666669;0.16666666666666669;0.16666666666666669;
140;30;73;,0.16666666666666666;0.16666666666666666;0.16666666666666666;0.16666666666666666;0.16666666666666666;0.16666666666666666;
57;6;72;,0.16666666666666666;0.16666666666666666;0.16666666666666666;0.16666666666666666;0.16666666666666666;0.16666666666666666;
100;58;63;,0.16666666666666666;0.16666666666666666;0.16666666666666666;0.16666666666666666;0.16666666666666666;0.16666666666666666;
104;123;87;,0.16666666666666669;0.16666666666666669;0.16666666666666669;0.16666666666666669;0.16666666666666669;0.16666666666666669;
122;115;79;,0.16666666666666669;0.16666666666666669;0.16666666666666669;0.16666666666666669;0.16666666666666669;0.16666666666666669;
106;81;32;,0.16666666666666666;0.16666666666666666;0.16666666666666666;0.16666666666666666;0.16666666666666666;0.16666666666666666;
130;60;42;,0.16666666666666669;0.16666666666666669;0.16666666666666669;0.16666666666666669;0.16666666666666669;0.16666666666666669;
48;118;99;,0.16666666666666669;0.16666666666666669;0.16666666666666669;0.16666666666666669;0.16666666666666669;0.16666666666666669;
59;38;58;,0.16666666666666669;0.16666666666666669;0.16666666666666669;0.16666666666666669;0.16666666666666669;0.16666666666666669;
132;34;57;,0.16666666666666666;0.16666666666666666;0.16666666666666666;0.16666666666666666;0.16666666666666666;0.16666666666666666;
140;121;79;,0.16666666666666669;0.16666666666666669;0.16666666666666669;0.16666666666666669;0.16666666666666669;0.16666666666666669;
123;107;75;,0.16666666666666666;0.16666666666666666;0.16666666666666666;0.16666666666666666;0.16666666666666666;0.16666666666666666;
42;70;79;,0.16666666666666669;0.16666666666666669;0.16666666666666669;0.16666666666666669;0.16666666666666669;0.16666666666666669;
133;86;44;,0.16666666666666669;0.16666666666666669;0.16666666666666669;0.16666666666666669;0.16666666666666669;0.16666666666666669;
115;115;32;,0.16666666666666666;0.16666666666666666;0.16666666666666666;0.16666666666666666;0.16666666666666666;0.16666666666666666;
64;17;71;,0.16666666666666666;0.16666666666666666;0.16666666666666666;0.16666666666666666;0.16666666666666666;0.16666666666666666;
113;113;32;,0.16666666666666669;0.16666666666666669;0.16666666666666669;0.16666666666666669;0.16666666666666669;0.16666666666666669;
53;58;67;,0.16666666666666666;0.16666666666666666;0.16666666666666666;0.16666666666666666;0.16666666666666666;0.16666666666666666;
126;122;79;,0.16666666666666666;0.16666666666666666;0.16666666666666666;0.16666666666666666;0.16666666666666666;0.16666666666666666;
145;46;68;,0.16666666666666669;0.16666666666666669;0.16666666666666669;0.16666666666666669;0.16666666666666669;0.16666666666666669;
95;4;63;,0.16666666666666669;0.16666666666666669;0.16666666666666669;0.16666666666666669;0.16666666666666669;0.16666666666666669;
75;74;62;,0.16666666666666669;0.16666666666666669;0.16666666666666669;0.16666666666666669;0.16666666666666669;0.16666666666666669;
82;2;67;,0.16666666666666669;0.16666666666666669;0.16666666666666669;0.16666666666666669;0.16666666666666669;0.16666666666666669;
99;4;63;,0.16666666666666669;0.16666666666666669;0.16666666666666669;0.16666666666666669;0.16666666666666669;0.16666666666666669;
130;102;42;,0.16666666666666669;0.16666666666666669;0.16666666666666669;0.16666666666666669;0.16666666666666669;0.16666666666666669;
62;109;90;,0.16666666666666669;0.16666666666666669;0.16666666666666669;0.16666666666666669;0.16666666666666669;0.16666666666666669;
255;0;0;,0.16666666666666669;0.16666666666666669;0.16666666666666669;0.16666666666666669;0.16666666666666669;0.16666666666666669;
113;53;66;,0.16666666666666666;0.16666666666666666;0.16666666666666666;0.16666666666666666;0.16666666666666666;0.16666666666666666;
71;67;47;,0.16666666666666669;0.16666666666666669;0.16666666666666669;0.16666666666666669;0.16666666666666669;0.16666666666666669;
80;7;73;,0.16666666666666669;0.16666666666666669;0.16666666666666669;0.16666666666666669;0.16666666666666669;0.16666666666666669;
255;0;0;,0.16666666666666669;0.16666666666666669;0.16666666666666669;0.16666666666666669;0.16666666666666669;0.16666666666666669;
85;117;86;,0.16666666666666669;0.16666666666666669;0.16666666666666669;0.16666666666666669;0.16666666666666669;0.16666666666666669;
113;91;29;,0.16666666666666669;0.16666666666666669;0.16666666666666669;0.16666666666666669;0.16666666666666669;0.16666666666666669;
115;121;89;,0.16666666666666666;0.16666666666666666;0.16666666666666666;0.16666666666666666;0.16666666666666666;0.16666666666666666;
140;85;85;,0.16666666666666669;0.16666666666666669;0.16666666666666669;0.16666666666666669;0.16666666666666669;0.16666666666666669;
255;0;0;,0.16666666666666666;0.16666666666666666;0.16666666666666666;0.16666666666666666;0.16666666666666666;0.16666666666666666;
103;50;57;,0.16666666666666669;0.16666666666666669;0.16666666666666669;0.16666666666666669;0.16666666666666669;0.16666666666666669;
44;124;100;,0.16666666666666666;0.16666666666666666;0.16666666666666666;0.16666666666666666;0.16666666666666666;0.16666666666666666;
140;104;79;,0.16666666666666666;0.16666666666666666;0.16666666666666666;0.16666666666666666;0.16666666666666666;0.16666666666666666;
146;66;70;,0.16666666666666669;0.16666666666666669;0.16666666666666669;0.16666666666666669;0.16666666666666669;0.16666666666666669;
103;48;53;,0.16666666666666669;0.16666666666666669;0.16666666666666669;0.16666666666666669;0.16666666666666669;0.16666666666666669;
92;4;48;,0.16666666666666669;0.16666666666666669;0.16666666666666669;0.16666666666666669;0.16666666666666669;0.16666666666666669;
133;125;44;,0.16666666666666669;0.16666666666666669;0.16666666666666669;0.16666666666666669;0.16666666666666669;0.16666666666666669;
105;2;63;,0.16666666666666666;0.16666666666666666;0.16666666666666666;0.16666666666666666;0.16666666666666666;0.16666666666666666;
255;0;0;,0.16666666666666666;0.16666666666666666;0.16666666666666666;0.16666666666666666;0.16666666666666666;0.16666666666666666;
142;72;75;,0.16666666666666666;0.16666666666666666;0.16666666666666666;0.16666666666666666;0.16666666666666666;0.16666666666666666;
95;46;79;,0.16666666666666666;0.16666666666666666;0.16666666666666666;0.16666666666666666;0.16666666666666666;0.16666666666666666;
70;87;86;,0.16666666666666669;0.16666666666666669;0.16666666666666669;0.16666666666666669;0.16666666666666669;0.16666666666666669;
142;32;66;,0.16666666666666669;0.16666666666666669;0.16666666666666669;0.16666666666666669;0.16666666666666669;0.16666666666666669;
59;79;92;,0.16666666666666669;0.16666666666666669;0.16666666666666669;0.16666666666666669;0.16666666666666669;0.16666666666666669;
102;77;77;,0.16666666666666669;0.16666666666666669;0.16666666666666669;0.16666666666666669;0.16666666666666669;0.16666666666666669;
117;37;63;,0.16666666666666666;0.16666666666666666;0.16666666666666666;0.16666666666666666;0.16666666666666666;0.16666666666666666;
109;110;75;,0.16666666666666669;0.16666666666666669;0.16666666666666669;0.16666666666666669;0.16666666666666669;0.16666666666666669;
84;109;92;,0.16666666666666669;0.16666666666666669;0.16666666666666669;0.16666666666666669;0.16666666666666669;0.16666666666666669;
62;31;56;,0.16666666666666666;0.16666666666666666;0.16666666666666666;0.16666666666666666;0.16666666666666666;0.16666666666666666;
53;65;71;,0.16666666666666669;0.16666666666666669;0.16666666666666669;0.16666666666666669;0.16666666666666669;0.16666666666666669;
105;34;73;,0.16666666666666666;0.16666666666666666;0.16666666666666666;0.16666666666666666;0.16666666666666666;0.16666666666666666;
115;118;32;,0.16666666666666669;0.16666666666666669;0.16666666666666669;0.16666666666666669;0.16666666666666669;0.16666666666666669;
128;2;69;,0.16666666666666666;0.16666666666666666;0.16666666666666666;0.16666666666666666;0.16666666666666666;0.16666666666666666;
85;8;74;,0.16666666666666666;0.16666666666666666;0.16666666666666666;0.16666666666666666;0.16666666666666666;0.16666666666666666;
43;81;83;,0.16666666666666666;0.16666666666666666;0.16666666666666666;0.16666666666666666;0.16666666666666666;0.16666666666666666;
255;0;0;,0.16666666666666669;0.16666666666666669;0.16666666666666669;0.16666666666666669;0.16666666666666669;0.16666666666666669;
113;88;30;,0.16666666666666666;0.16666666666666666;0.16666666666666666;0.16666666666666666;0.16666666666666666;0.16666666666666666;
71;90;81;,0.16666666666666666;0.16666666666666666;0.16666666666666666;0.16666666666666666;0.16666666666666666;0.16666666666666666;
98;78;81;,0.16666666666666669;0.16666666666666669;0.16666666666666669;0.16666666666666669;0.16666666666666669;0.16666666666666669;
137;101;79;,0.16666666666666669;0.16666666666666669;0.16666666666666669;0.16666666666666669;0.16666666666666669;0.16666666666666669;
115;37;70;,0.16666666666666669;0.16666666666666669;0.16666666666666669;0.16666666666666669;0.16666666666666669;0.16666666666666669;
92;88;85;,0.16666666666666666;0.16666666666666666;0.16666666666666666;0.16666666666666666;0.16666666666666666;0.16666666666666666;
124;76;68;,0.16666666666666666;0.16666666666666666;0.16666666666666666;0.16666666666666666;0.16666666666666666;0.16666666666666666;
152;91;66;,0.16666666666666669;0.16666666666666669;0.16666666666666669;0.16666666666666669;0.16666666666666669;0.16666666666666669;
255;0;0;,0.16666666666666666;0.16666666666666666;0.16666666666666666;0.16666666666666666;0.16666666666666666;0.16666666666666666;
145;83;71;,0.16666666666666666;0.16666666666666666;0.16666666666666666;0.16666666666666666;0.16666666666666666;0.16666666666666666;
79;82;67;,0.16666666666666669;0.16666666666666669;0.16666666666666669;0.16666666666666669;0.16666666666666669;0.16666666666666669;
255;0;0;,0.16666666666666666;0.16666666666666666;0.16666666666666666;0.16666666666666666;0.16666666666666666;0.16666666666666666;
105;57;30;,0.16666666666666669;0.16666666666666669;0.16666666666666669;0.16666666666666669;0.16666666666666669;0.16666666666666669;
140;118;80;,0.16666666666666669;0.16666666666666669;0.16666666666666669;0.16666666666666669;0.16666666666666669;0.16666666666666669;
140;88;86;,0.16666666666666666;0.16666666666666666;0.16666666666666666;0.16666666666666666;0.16666666666666666;0.16666666666666666;
116;126;81;,0.16666666666666669;0.16666666666666669;0.16666666666666669;0.16666666666666669;0.16666666666666669;0.16666666666666669;
129;96;79;,0.16666666666666669;0.16666666666666669;0.16666666666666669;0.16666666666666669;0.16666666666666669;0.16666666666666669;
92;84;52;,0.16666666666666666;0.16666666666666666;0.16666666666666666;0.16666666666666666;0.16666666666666666;0.16666666666666666;
131;118;43;,0.16666666666666666;0.16666666666666666;0.16666666666666666;0.16666666666666666;0.16666666666666666;0.16666666666666666;
108;46;58;,0.16666666666666666;0.16666666666666666;0.16666666666666666;0.16666666666666666;0.16666666666666666;0.16666666666666666;
99;123;87;,0.16666666666666666;0.16666666666666666;0.16666666666666666;0.16666666666666666;0.16666666666666666;0.16666666666666666;
140;28;66;,0.16666666666666666;0.16666666666666666;0.16666666666666666;0.16666666666666666;0.16666666666666666;0.16666666666666666;
255;0;0;,0.16666666666666669;0.16666666666666669;0.16666666666666669;0.16666666666666669;0.16666666666666669;0.16666666666666669;
142;103;75;,0.16666666666666666;0.16666666666666666;0.16666666666666666;0.16666666666666666;0.16666666666666666;0.16666666666666666;
52;9;72;,0.16666666666666669;0.16666666666666669;0.16666666666666669;0.16666666666666669;0.16666666666666669;0.16666666666666669;
35;108;5;,0.16666666666666669;0.16666666666666669;0.16666666666666669;0.16666666666666669;0.16666666666666669;0.16666666666666669;
255;0;0;,0.16666666666666669;0.16666666666666669;0.16666666666666669;0.16666666666666669;0.16666666666666669;0.16666666666666669;
255;0;0;,0.16666666666666666;0.16666666666666666;0.16666666666666666;0.16666666666666666;0.16666666666666666;0.16666666666666666;
32;106;3;,0.16666666666666669;0.16666666666666669;0.16666666666666669;0.16666666666666669;0.16666666666666669;0.16666666666666669;
98;105;54;,0.16666666666666666;0.16666666666666666;0.16666666666666666;0.16666666666666666;0.16666666666666666;0.16666666666666666;
74;94;83;,0.16666666666666666;0.16666666666666666;0.16666666666666666;0.16666666666666666;0.16666666666666666;0.16666666666666666;
141;103;77;,0.16666666666666666;0.16666666666666666;0.16666666666666666;0.16666666666666666;0.16666666666666666;0.16666666666666666;
133;18;64;,0.16666666666666669;0.16666666666666669;0.16666666666666669;0.16666666666666669;0.16666666666666669;0.16666666666666669;
77;78;65;,0.16666666666666669;0.16666666666666669;0.16666666666666669;0.16666666666666669;0.16666666666666669;0.16666666666666669;
141;101;76;,0.16666666666666669;0.16666666666666669;0.16666666666666669;0.16666666666666669;0.16666666666666669;0.16666666666666669;
140;92;80;,0.16666666666666669;0.16666666666666669;0.16666666666666669;0.16666666666666669;0.16666666666666669;0.16666666666666669;
141;85;47;,0.16666666666666669;0.16666666666666669;0.16666666666666669;0.16666666666666669;0.16666666666666669;0.16666666666666669;
119;33;64;,0.16666666666666669;0.16666666666666669;0.16666666666666669;0.16666666666666669;0.16666666666666669;0.16666666666666669;
255;0;0;,0.16666666666666669;0.16666666666666669;0.16666666666666669;0.16666666666666669;0.16666666666666669;0.16666666666666669;
255;0;0;,0.16666666666666669;0.16666666666666669;0.16666666666666669;0.16666666666666669;0.16666666666666669;0.16666666666666669;
112;43;28;,0.16666666666666666;0.16666666666666666;0.16666666666666666;0.16666666666666666;0.16666666666666666;0.16666666666666666;
112;78;75;,0.16666666666666666;0.16666666666666666;0.16666666666666666;0.16666666666666666;0.16666666666666666;0.16666666666666666;
142;90;74;,0.16666666666666666;0.16666666666666666;0.16666666666666666;0.16666666666666666;0.16666666666666666;0.16666666666666666;
74;5;71;,0.16666666666666666;0.16666666666666666;0.16666666666666666;0.16666666666666666;0.16666666666666666;0.16666666666666666;
140;88;80;,0.16666666666666666;0.16666666666666666;0.16666666666666666;0.16666666666666666;0.16666666666666666;0.16666666666666666;
255;0;0;,0.16666666666666669;0.16666666666666669;0.16666666666666669;0.16666666666666669;0.16666666666666669;0.16666666666666669;
131;99;42;,0.16666666666666666;0.16666666666666666;0.16666666666666666;0.16666666666666666;0.16666666666666666;0.16666666666666666;
140;108;79;,0.16666666666666666;0.16666666666666666;0.16666666666666666;0.16666666666666666;0.16666666666666666;0.16666666666666666;
99;34;50;,0.16666666666666666;0.16666666666666666;0.16666666666666666;0.16666666666666666;0.16666666666666666;0.16666666666666666;
79;115;89;,0.16666666666666666;0.16666666666666666;0.16666666666666666;0.16666666666666666;0.16666666666666666;0.16666666666666666;
29;108;2;,0.16666666666666669;0.16666666666666669;0.16666666666666669;0.16666666666666669;0.16666666666666669;0.16666666666666669;
35;80;93;,0.16666666666666669;0.16666666666666669;0.16666666666666669;0.16666666666666669;0.16666666666666669;0.16666666666666669;
255;0;0;,0.16666666666666669;0.16666666666666669;0.16666666666666669;0.16666666666666669;0.16666666666666669;0.16666666666666669;
114;93;77;,0.16666666666666669;0.16666666666666669;0.16666666666666669;0.16666666666666669;0.16666666666666669;0.16666666666666669;
96;113;88;,0.16666666666666666;0.16666666666666666;0.16666666666666666;0.16666666666666666;0.16666666666666666;0.16666666666666666;
112;91;29;,0.16666666666666666;0.16666666666666666;0.16666666666666666;0.16666666666666666;0.16666666666666666;0.16666666666666666;
112;113;32;,0.16666666666666669;0.16666666666666669;0.16666666666666669;0.16666666666666669;0.16666666666666669;0.16666666666666669;
38;112;7;,0.16666666666666666;0.16666666666666666;0.16666666666666666;0.16666666666666666;0.16666666666666666;0.16666666666666666;
78;26;63;,0.16666666666666666;0.16666666666666666;0.16666666666666666;0.16666666666666666;0.16666666666666666;0.16666666666666666;
139;113;82;,0.16666666666666666;0.16666666666666666;0.16666666666666666;0.16666666666666666;0.16666666666666666;0.16666666666666666;
129;35;80;,0.16666666666666666;0.16666666666666666;0.16666666666666666;0.16666666666666666;0.16666666666666666;0.16666666666666666;
75;99;83;,0.16666666666666669;0.16666666666666669;0.16666666666666669;0.16666666666666669;0.16666666666666669;0.16666666666666669;
139;102;81;,0.16666666666666666;0.16666666666666666;0.16666666666666666;0.16666666666666666;0.16666666666666666;0.16666666666666666;
101;56;61;,0.16666666666666669;0.16666666666666669;0.16666666666666669;0.16666666666666669;0.16666666666666669;0.16666666666666669;
140;122;78;,0.16666666666666669;0.16666666666666669;0.16666666666666669;0.16666666666666669;0.16666666666666669;0.16666666666666669;
44;126;10;,0.16666666666666666;0.16666666666666666;0.16666666666666666;0.16666666666666666;0.16666666666666666;0.16666666666666666;
74;72;59;,0.16666666666666669;0.16666666666666669;0.16666666666666669;0.16666666666666669;0.16666666666666669;0.16666666666666669;
90;35;75;,0.16666666666666666;0.16666666666666666;0.16666666666666666;0.16666666666666666;0.16666666666666666;0.16666666666666666;
255;0;0;,0.16666666666666666;0.16666666666666666;0.16666666666666666;0.16666666666666666;0.16666666666666666;0.16666666666666666;
140;126;80;,0.16666666666666669;0.16666666666666669;0.16666666666666669;0.16666666666666669;0.16666666666666669;0.16666666666666669;
141;94;76;,0.16666666666666669;0.16666666666666669;0.16666666666666669;0.16666666666666669;0.16666666666666669;0.16666666666666669;
143;73;48;,0.16666666666666666;0.16666666666666666;0.16666666666666666;0.16666666666666666;0.16666666666666666;0.16666666666666666;
99;60;65;,0.16666666666666669;0.16666666666666669;0.16666666666666669;0.16666666666666669;0.16666666666666669;0.16666666666666669;
101;3;63;,0.16666666666666666;0.16666666666666666;0.16666666666666666;0.16666666666666666;0.16666666666666666;0.16666666666666666;
112;87;29;,0.16666666666666666;0.16666666666666666;0.16666666666666666;0.16666666666666666;0.16666666666666666;0.16666666666666666;
140;114;80;,0.16666666666666666;0.16666666666666666;0.16666666666666666;0.16666666666666666;0.16666666666666666;0.16666666666666666;
68;70;76;,0.16666666666666666;0.16666666666666666;0.16666666666666666;0.16666666666666666;0.16666666666666666;0.16666666666666666;
127;91;78;,0.16666666666666666;0.16666666666666666;0.16666666666666666;0.16666666666666666;0.16666666666666666;0.16666666666666666;
140;124;79;,0.16666666666666666;0.16666666666666666;0.16666666666666666;0.16666666666666666;0.16666666666666666;0.16666666666666666;
139;84;82;,0.16666666666666669;0.16666666666666669;0.16666666666666669;0.16666666666666669;0.16666666666666669;0.16666666666666669;
255;0;0;,0.16666666666666669;0.16666666666666669;0.16666666666666669;0.16666666666666669;0.16666666666666669;0.16666666666666669;
72;40;74;,0.16666666666666666;0.16666666666666666;0.16666666666666666;0.16666666666666666;0.16666666666666666;0.16666666666666666;
72;55;70;,0.16666666666666669;0.16666666666666669;0.16666666666666669;0.16666666666666669;0.16666666666666669;0.16666666666666669;
21;81;9;,0.16666666666666666;0.16666666666666666;0.16666666666666666;0.16666666666666666;0.16666666666666666;0.16666666666666666;
78;19;49;,0.16666666666666669;0.16666666666666669;0.16666666666666669;0.16666666666666669;0.16666666666666669;0.16666666666666669;
114;122;32;,0.16666666666666666;0.16666666666666666;0.16666666666666666;0.16666666666666666;0.16666666666666666;0.16666666666666666;
75;123;90;,0.16666666666666669;0.16666666666666669;0.16666666666666669;0.16666666666666669;0.16666666666666669;0.16666666666666669;
120;119;81;,0.16666666666666666;0.16666666666666666;0.16666666666666666;0.16666666666666666;0.16666666666666666;0.16666666666666666;
137;26;70;,0.16666666666666666;0.16666666666666666;0.16666666666666666;0.16666666666666666;0.16666666666666666;0.16666666666666666;
101;70;78;,0.16666666666666669;0.16666666666666669;0.16666666666666669;0.16666666666666669;0.16666666666666669;0.16666666666666669;
113;125;32;,0.16666666666666666;0.16666666666666666;0.16666666666666666;0.16666666666666666;0.16666666666666666;0.16666666666666666;
140;102;78;,0.16666666666666669;0.16666666666666669;0.16666666666666669;0.16666666666666669;0.16666666666666669;0.16666666666666669;
67;67;29;,0.16666666666666669;0.16666666666666669;0.16666666666666669;0.16666666666666669;0.16666666666666669;0.16666666666666669;
105;119;89;,0.16666666666666666;0.16666666666666666;0.16666666666666666;0.16666666666666666;0.16666666666666666;0.16666666666666666;
69;51;76;,0.16666666666666666;0.16666666666666666;0.16666666666666666;0.16666666666666666;0.16666666666666666;0.16666666666666666;
255;0;0;,0.16666666666666666;0.16666666666666666;0.16666666666666666;0.16666666666666666;0.16666666666666666;0.16666666666666666;
144;30;64;,0.16666666666666666;0.16666666666666666;0.16666666666666666;0.16666666666666666;0.16666666666666666;0.16666666666666666;
106;49;29;,0.16666666666666669;0.16666666666666669;0.16666666666666669;0.16666666666666669;0.16666666666666669;0.16666666666666669;
141;103;77;,0.16666666666666669;0.16666666666666669;0.16666666666666669;0.16666666666666669;0.16666666666666669;0.16666666666666669;
102;45;52;,0.16666666666666666;0.16666666666666666;0.16666666666666666;0.16666666666666666;0.16666666666666666;0.16666666666666666;
255;0;0;,0.16666666666666666;0.16666666666666666;0.16666666666666666;0.16666666666666666;0.16666666666666666;0.16666666666666666;
144;55;51;,0.16666666666666666;0.16666666666666666;0.16666666666666666;0.16666666666666666;0.16666666666666666;0.16666666666666666;
114;3;37;,0.16666666666666666;0.16666666666666666;0.16666666666666666;0.16666666666666666;0.16666666666666666;0.16666666666666666;
113;103;55;,0.16666666666666666;0.16666666666666666;0.16666666666666666;0.16666666666666666;0.16666666666666666;0.16666666666666666;
113;89;30;,0.16666666666666666;0.16666666666666666;0.16666666666666666;0.16666666666666666;0.16666666666666666;0.16666666666666666;
73;29;68;,0.16666666666666669;0.16666666666666669;0.16666666666666669;0.16666666666666669;0.16666666666666669;0.16666666666666669;
134;101;79;,0.16666666666666666;0.16666666666666666;0.16666666666666666;0.16666666666666666;0.16666666666666666;0.16666666666666666;
65;25;54;,0.16666666666666669;0.16666666666666669;0.16666666666666669;0.16666666666666669;0.16666666666666669;0.16666666666666669;
94;9;75;,0.16666666666666666;0.16666666666666666;0.16666666666666666;0.16666666666666666;0.16666666666666666;0.16666666666666666;
85;10;48;,0.16666666666666669;0.16666666666666669;0.16666666666666669;0.16666666666666669;0.16666666666666669;0.16666666666666669;
255;0;0;,0.16666666666666666;0.16666666666666666;0.16666666666666666;0.16666666666666666;0.16666666666666666;0.16666666666666666;
255;0;0;,0.16666666666666669;0.16666666666666669;0.16666666666666669;0.16666666666666669;0.16666666666666669;0.16666666666666669;
60;32;73;,0.16666666666666669;0.16666666666666669;0.16666666666666669;0.16666666666666669;0.16666666666666669;0.16666666666666669;
137;26;65;,0.16666666666666669;0.16666666666666669;0.16666666666666669;0.16666666666666669;0.16666666666666669;0.16666666666666669;
113;14;76;,0.16666666666666666;0.16666666666666666;0.16666666666666666;0.16666666666666666;0.16666666666666666;0.16666666666666666;
111;92;35;,0.16666666666666666;0.16666666666666666;0.16666666666666666;0.16666666666666666;0.16666666666666666;0.16666666666666666;
112;81;29;,0.16666666666666669;0.16666666666666669;0.16666666666666669;0.16666666666666669;0.16666666666666669;0.16666666666666669;
108;4;63;,0.16666666666666669;0.16666666666666669;0.16666666666666669;0.16666666666666669;0.16666666666666669;0.16666666666666669;
140;125;80;,0.16666666666666666;0.16666666666666666;0.16666666666666666;0.16666666666666666;0.16666666666666666;0.16666666666666666;
136;122;79;,0.16666666666666666;0.16666666666666666;0.16666666666666666;0.16666666666666666;0.16666666666666666;0.16666666666666666;
128;103;41;,0.16666666666666666;0.16666666666666666;0.16666666666666666;0.16666666666666666;0.16666666666666666;0.16666666666666666;
140;102;87;,0.16666666666666666;0.16666666666666666;0.16666666666666666;0.16666666666666666;0.16666666666666666;0.16666666666666666;
122;71;67;,0.16666666666666669;0.16666666666666669;0.16666666666666669;0.16666666666666669;0.16666666666666669;0.16666666666666669;
136;100;80;,0.16666666666666669;0.16666666666666669;0.16666666666666669;0.16666666666666669;0.16666666666666669;0.16666666666666669;
255;0;0;,0.16666666666666669;0.16666666666666669;0.16666666666666669;0.16666666666666669;0.16666666666666669;0.16666666666666669;
139;107;82;,0.16666666666666669;0.16666666666666669;0.16666666666666669;0.16666666666666669;0.16666666666666669;0.16666666666666669;
61;1;36;,0.16666666666666669;0.16666666666666669;0.16666666666666669;0.16666666666666669;0.16666666666666669;0.16666666666666669;
61;16;69;,0.16666666666666666;0.16666666666666666;0.16666666666666666;0.16666666666666666;0.16666666666666666;0.16666666666666666;
68;22;53;,0.16666666666666666;0.16666666666666666;0.16666666666666666;0.16666666666666666;0.16666666666666666;0.16666666666666666;
114;123;32;,0.16666666666666669;0.16666666666666669;0.16666666666666669;0.16666666666666669;0.16666666666666669;0.16666666666666669;
90;68;48;,0.16666666666666666;0.16666666666666666;0.16666666666666666;0.16666666666666666;0.16666666666666666;0.16666666666666666;
64;26;70;,0.16666666666666669;0.16666666666666669;0.16666666666666669;0.16666666666666669;0.16666666666666669;0.16666666666666669;
255;0;0;,0.16666666666666669;0.16666666666666669;0.16666666666666669;0.16666666666666669;0.16666666666666669;0.16666666666666669;
119;95;38;,0.16666666666666666;0.16666666666666666;0.16666666666666666;0.16666666666666666;0.16666666666666666;0.16666666666666666;
114;88;31;,0.16666666666666666;0.16666666666666666;0.16666666666666666;0.16666666666666666;0.16666666666666666;0.16666666666666666;
141;40;73;,0.16666666666666669;0.16666666666666669;0.16666666666666669;0.16666666666666669;0.16666666666666669;0.16666666666666669;
97;4;63;,0.16666666666666666;0.16666666666666666;0.16666666666666666;0.16666666666666666;0.16666666666666666;0.16666666666666666;
29;19;29;,0.16666666666666666;0.16666666666666666;0.16666666666666666;0.16666666666666666;0.16666666666666666;0.16666666666666666;
115;92;32;,0.16666666666666669;0.16666666666666669;0.16666666666666669;0.16666666666666669;0.16666666666666669;0.16666666666666669;
255;0;0;,0.16666666666666669;0.16666666666666669;0.16666666666666669;0.16666666666666669;0.16666666666666669;0.16666666666666669;
140;125;79;,0.16666666666666669;0.16666666666666669;0.16666666666666669;0.16666666666666669;0.16666666666666669;0.16666666666666669;
53;108;97;,0.16666666666666666;0.16666666666666666;0.16666666666666666;0.16666666666666666;0.16666666666666666;0.16666666666666666;
109;5;37;,0.16666666666666669;0.16666666666666669;0.16666666666666669;0.16666666666666669;0.16666666666666669;0.16666666666666669;
92;18;68;,0.16666666666666669;0.16666666666666669;0.16666666666666669;0.16666666666666669;0.16666666666666669;0.16666666666666669;
71;59;75;,0.16666666666666666;0.16666666666666666;0.16666666666666666;0.16666666666666666;0.16666666666666666;0.16666666666666666;
148;61;68;,0.16666666666666669;0.16666666666666669;0.16666666666666669;0.16666666666666669;0.16666666666666669;0.16666666666666669;
255;0;0;,0.16666666666666669;0.16666666666666669;0.16666666666666669;0.16666666666666669;0.16666666666666669;0.16666666666666669;
115;113;32;,0.16666666666666669;0.16666666666666669;0.16666666666666669;0.16666666666666669;0.16666666666666669;0.16666666666666669;
98;25;49;,0.16666666666666669;0.16666666666666669;0.16666666666666669;0.16666666666666669;0.16666666666666669;0.16666666666666669;
255;0;0;,0.16666666666666666;0.16666666666666666;0.16666666666666666;0.16666666666666666;0.16666666666666666;0.16666666666666666;
78;79;66;,0.16666666666666666;0.16666666666666666;0.16666666666666666;0.16666666666666666;0.16666666666666666;0.16666666666666666;
63;82;19;,0.16666666666666669;0.16666666666666669;0.16666666666666669;0.16666666666666669;0.16666666666666669;0.16666666666666669;
87;97;88;,0.16666666666666666;0.16666666666666666;0.16666666666666666;0.16666666666666666;0.16666666666666666;0.16666666666666666;
255;0;0;,0.16666666666666669;0.16666666666666669;0.16666666666666669;0.16666666666666669;0.16666666666666669;0.16666666666666669;
255;0;0;,0.16666666666666669;0.16666666666666669;0.16666666666666669;0.16666666666666669;0.16666666666666669;0.16666666666666669;
115;121;32;,0.16666666666666666;0.16666666666666666;0.16666666666666666;0.16666666666666666;0.16666666666666666;0.16666666666666666;
255;0;0;,0.16666666666666669;0.16666666666666669;0.16666666666666669;0.16666666666666669;0.16666666666666669;0.16666666666666669;
142;100;75;,0.16666666666666669;0.16666666666666669;0.16666666666666669;0.16666666666666669;0.16666666666666669;0.16666666666666669;
74;66;81;,0.16666666666666669;0.16666666666666669;0.16666666666666669;0.16666666666666669;0.16666666666666669;0.16666666666666669;
113;86;30;,0.16666666666666669;0.16666666666666669;0.16666666666666669;0.16666666666666669;0.16666666666666669;0.16666666666666669;
67;68;26;,0.16666666666666666;0.16666666666666666;0.16666666666666666;0.16666666666666666;0.16666666666666666;0.16666666666666666;
61;86;95;,0.16666666666666666;0.16666666666666666;0.16666666666666666;0.16666666666666666;0.16666666666666666;0.16666666666666666;
70;65;77;,0.16666666666666669;0.16666666666666669;0.16666666666666669;0.16666666666666669;0.16666666666666669;0.16666666666666669;
107;106;80;,0.16666666666666669;0.16666666666666669;0.16666666666666669;0.16666666666666669;0.16666666666666669;0.16666666666666669;
110;125;89;,0.16666666666666669;0.16666666666666669;0.16666666666666669;0.16666666666666669;0.16666666666666669;0.16666666666666669;
108;39;54;,0.16666666666666669;0.16666666666666669;0.16666666666666669;0.16666666666666669;0.16666666666666669;0.16666666666666669;
255;0;0;,0.16666666666666666;0.16666666666666666;0.16666666666666666;0.16666666666666666;0.16666666666666666;0.16666666666666666;
76;35;64;,0.16666666666666669;0.16666666666666669;0.16666666666666669;0.16666666666666669;0.16666666666666669;0.16666666666666669;
140;109;79;,0.16666666666666669;0.16666666666666669;0.16666666666666669;0.16666666666666669;0.16666666666666669;0.16666666666666669;
139;93;81;,0.16666666666666669;0.16666666666666669;0.16666666666666669;0.16666666666666669;0.16666666666666669;0.16666666666666669;
132;52;70;,0.16666666666666669;0.16666666666666669;0.16666666666666669;0.16666666666666669;0.16666666666666669;0.16666666666666669;
66;37;72;,0.16666666666666666;0.16666666666666666;0.16666666666666666;0.16666666666666666;0.16666666666666666;0.16666666666666666;
33;12;39;,0.16666666666666669;0.16666666666666669;0.16666666666666669;0.16666666666666669;0.16666666666666669;0.16666666666666669;
255;0;0;,0.16666666666666666;0.16666666666666666;0.16666666666666666;0.16666666666666666;0.16666666666666666;0.16666666666666666;
115;98;32;,0.16666666666666666;0.16666666666666666;0.16666666666666666;0.16666666666666666;0.16666666666666666;0.16666666666666666;
104;12;38;,0.16666666666666666;0.16666666666666666;0.16666666666666666;0.16666666666666666;0.16666666666666666;0.16666666666666666;
126;99;41;,0.16666666666666669;0.16666666666666669;0.16666666666666669;0.16666666666666669;0.16666666666666669;0.16666666666666669;
115;115;32;,0.16666666666666666;0.16666666666666666;0.16666666666666666;0.16666666666666666;0.16666666666666666;0.16666666666666666;
110;45;59;,0.16666666666666669;0.16666666666666669;0.16666666666666669;0.16666666666666669;0.16666666666666669;0.16666666666666669;
108;91;34;,0.16666666666666666;0.16666666666666666;0.16666666666666666;0.16666666666666666;0.16666666666666666;0.16666666666666666;
140;84;79;,0.16666666666666669;0.16666666666666669;0.16666666666666669;0.16666666666666669;0.16666666666666669;0.16666666666666669;
68;45;74;,0.16666666666666669;0.16666666666666669;0.16666666666666669;0.16666666666666669;0.16666666666666669;0.16666666666666669;
81;112;85;,0.16666666666666666;0.16666666666666666;0.16666666666666666;0.16666666666666666;0.16666666666666666;0.16666666666666666;
114;122;32;,0.16666666666666669;0.16666666666666669;0.16666666666666669;0.16666666666666669;0.16666666666666669;0.16666666666666669;
139;121;83;,0.16666666666666669;0.16666666666666669;0.16666666666666669;0.16666666666666669;0.16666666666666669;0.16666666666666669;
74;61;79;,0.16666666666666666;0.16666666666666666;0.16666666666666666;0.16666666666666666;0.16666666666666666;0.16666666666666666;
136;14;72;,0.16666666666666666;0.16666666666666666;0.16666666666666666;0.16666666666666666;0.16666666666666666;0.16666666666666666;
123;10;69;,0.16666666666666669;0.16666666666666669;0.16666666666666669;0.16666666666666669;0.16666666666666669;0.16666666666666669;
142;60;74;,0.16666666666666669;0.16666666666666669;0.16666666666666669;0.16666666666666669;0.16666666666666669;0.16666666666666669;
112;114;32;,0.16666666666666669;0.16666666666666669;0.16666666666666669;0.16666666666666669;0.16666666666666669;0.16666666666666669;
105;64;31;,0.16666666666666666;0.16666666666666666;0.16666666666666666;0.16666666666666666;0.16666666666666666;0.16666666666666666;
96;26;69;,0.16666666666666666;0.16666666666666666;0.16666666666666666;0.16666666666666666;0.16666666666666666;0.16666666666666666;
112;63;28;,0.16666666666666666;0.16666666666666666;0.16666666666666666;0.16666666666666666;0.16666666666666666;0.16666666666666666;
126;40;59;,0.16666666666666666;0.16666666666666666;0.16666666666666666;0.16666666666666666;0.16666666666666666;0.16666666666666666;
121;87;75;,0.16666666666666666;0.16666666666666666;0.16666666666666666;0.16666666666666666;0.16666666666666666;0.16666666666666666;
112;67;29;,0.16666666666666669;0.16666666666666669;0.16666666666666669;0.16666666666666669;0.16666666666666669;0.16666666666666669;
137;98;74;,0.16666666666666669;0.16666666666666669;0.16666666666666669;0.16666666666666669;0.16666666666666669;0.16666666666666669;
140;123;79;,0.16666666666666666;0.16666666666666666;0.16666666666666666;0.16666666666666666;0.16666666666666666;0.16666666666666666;
115;111;32;,0.16666666666666666;0.16666666666666666;0.16666666666666666;0.16666666666666666;0.16666666666666666;0.16666666666666666;
72;65;51;,0.16666666666666669;0.16666666666666669;0.16666666666666669;0.16666666666666669;0.16666666666666669;0.16666666666666669;
121;96;39;,0.16666666666666669;0.16666666666666669;0.16666666666666669;0.16666666666666669;0.16666666666666669;0.16666666666666669;
76;75;64;,0.16666666666666666;0.16666666666666666;0.16666666666666666;0.16666666666666666;0.16666666666666666;0.16666666666666666;
126;27;79;,0.16666666666666669;0.16666666666666669;0.16666666666666669;0.16666666666666669;0.16666666666666669;0.16666666666666669;
102;86;72;,0.16666666666666669;0.16666666666666669;0.16666666666666669;0.16666666666666669;0.16666666666666669;0.16666666666666669;
127;3;62;,0.16666666666666666;0.16666666666666666;0.16666666666666666;0.16666666666666666;0.16666666666666666;0.16666666666666666;
90;60;45;,0.16666666666666669;0.16666666666666669;0.16666666666666669;0.16666666666666669;0.16666666666666669;0.16666666666666669;
36;45;82;,0.16666666666666669;0.16666666666666669;0.16666666666666669;0.16666666666666669;0.16666666666666669;0.16666666666666669;
112;64;67;,0.16666666666666669;0.16666666666666669;0.16666666666666669;0.16666666666666669;0.16666666666666669;0.16666666666666669;
132;89;43;,0.16666666666666666;0.16666666666666666;0.16666666666666666;0.16666666666666666;0.16666666666666666;0.16666666666666666;
115;106;32;,0.16666666666666669;0.16666666666666669;0.16666666666666669;0.16666666666666669;0.16666666666666669;0.16666666666666669;
23;96;9;,0.16666666666666669;0.16666666666666669;0.16666666666666669;0.16666666666666669;0.16666666666666669;0.16666666666666669;
89;120;87;,0.16666666666666666;0.16666666666666666;0.16666666666666666;0.16666666666666666;0.16666666666666666;0.16666666666666666;
255;0;0;,0.16666666666666669;0.16666666666666669;0.16666666666666669;0.16666666666666669;0.16666666666666669;0.16666666666666669;
113;113;32;,0.16666666666666666;0.16666666666666666;0.16666666666666666;0.16666666666666666;0.16666666666666666;0.16666666666666666;
140;20;63;,0.16666666666666669;0.16666666666666669;0.16666666666666669;0.16666666666666669;0.16666666666666669;0.16666666666666669;
105;46;55;,0.16666666666666666;0.16666666666666666;0.16666666666666666;0.16666666666666666;0.16666666666666666;0.16666666666666666;
124;46;60;,0.16666666666666669;0.16666666666666669;0.16666666666666669;0.16666666666666669;0.16666666666666669;0.16666666666666669;
140;113;78;,0.16666666666666669;0.16666666666666669;0.16666666666666669;0.16666666666666669;0.16666666666666669;0.16666666666666669;
66;97;88;,0.16666666666666666;0.16666666666666666;0.16666666666666666;0.16666666666666666;0.16666666666666666;0.16666666666666666;
55;71;82;,0.16666666666666666;0.16666666666666666;0.16666666666666666;0.16666666666666666;0.16666666666666666;0.16666666666666666;
255;0;0;,0.16666666666666669;0.16666666666666669;0.16666666666666669;0.16666666666666669;0.16666666666666669;0.16666666666666669;
136;11;62;,0.16666666666666666;0.16666666666666666;0.16666666666666666;0.16666666666666666;0.16666666666666666;0.16666666666666666;
141;92;76;,0.16666666666666666;0.16666666666666666;0.16666666666666666;0.16666666666666666;0.16666666666666666;0.16666666666666666;
255;0;0;,0.16666666666666666;0.16666666666666666;0.16666666666666666;0.16666666666666666;0.16666666666666666;0.16666666666666666;
142;71;75;,0.16666666666666666;0.16666666666666666;0.16666666666666666;0.16666666666666666;0.16666666666666666;0.16666666666666666;
138;6;51;,0.16666666666666666;0.16666666666666666;0.16666666666666666;0.16666666666666666;0.16666666666666666;0.16666666666666666;
120;111;89;,0.16666666666666669;0.16666666666666669;0.16666666666666669;0.16666666666666669;0.16666666666666669;0.16666666666666669;
95;93;53;,0.16666666666666669;0.16666666666666669;0.16666666666666669;0.16666666666666669;0.16666666666666669;0.16666666666666669;
64;89;91;,0.16666666666666669;0.16666666666666669;0.16666666666666669;0.16666666666666669;0.16666666666666669;0.16666666666666669;
68;105;94;,0.16666666666666669;0.16666666666666669;0.16666666666666669;0.16666666666666669;0.16666666666666669;0.16666666666666669;
149;90;68;,0.16666666666666669;0.16666666666666669;0.16666666666666669;0.16666666666666669;0.16666666666666669;0.16666666666666669;
128;5;72;,0.16666666666666669;0.16666666666666669;0.16666666666666669;0.16666666666666669;0.16666666666666669;0.16666666666666669;
133;9;72;,0.16666666666666669;0.16666666666666669;0.16666666666666669;0.16666666666666669;0.16666666666666669;0.16666666666666669;
255;0;0;,0.16666666666666669;0.16666666666666669;0.16666666666666669;0.16666666666666669;0.16666666666666669;0.16666666666666669;
255;0;0;,0.16666666666666666;0.16666666666666666;0.16666666666666666;0.16666666666666666;0.16666666666666666;0.16666666666666666;
125;4;63;,0.16666666666666666;0.16666666666666666;0.16666666666666666;0.16666666666666666;0.16666666666666666;0.16666666666666666;
70;69;42;,0.16666666666666669;0.16666666666666669;0.16666666666666669;0.16666666666666669;0.16666666666666669;0.16666666666666669;
111;44;60;,0.16666666666666666;0.16666666666666666;0.16666666666666666;0.16666666666666666;0.16666666666666666;0.16666666666666666;
255;0;0;,0.16666666666666666;0.16666666666666666;0.16666666666666666;0.16666666666666666;0.16666666666666666;0.16666666666666666;
69;5;71;,0.16666666666666669;0.16666666666666669;0.16666666666666669;0.16666666666666669;0.16666666666666669;0.16666666666666669;
255;0;0;,0.16666666666666666;0.16666666666666666;0.16666666666666666;0.16666666666666666;0.16666666666666666;0.16666666666666666;
140;109;80;,0.16666666666666666;0.16666666666666666;0.16666666666666666;0.16666666666666666;0.16666666666666666;0.16666666666666666;
72;55;71;,0.16666666666666666;0.16666666666666666;0.16666666666666666;0.16666666666666666;0.16666666666666666;0.16666666666666666;
66;24;69;,0.16666666666666666;0.16666666666666666;0.16666666666666666;0.16666666666666666;0.16666666666666666;0.16666666666666666;
81;15;63;,0.16666666666666669;0.16666666666666669;0.16666666666666669;0.16666666666666669;0.16666666666666669;0.16666666666666669;
255;0;0;,0.16666666666666669;0.16666666666666669;0.16666666666666669;0.16666666666666669;0.16666666666666669;0.16666666666666669;
94;121;87;,0.16666666666666669;0.16666666666666669;0.16666666666666669;0.16666666666666669;0.16666666666666669;0.16666666666666669;
144;63;49;,0.16666666666666669;0.16666666666666669;0.16666666666666669;0.16666666666666669;0.16666666666666669;0.16666666666666669;
130;81;45;,0.16666666666666666;0.16666666666666666;0.16666666666666666;0.16666666666666666;0.16666666666666666;0.16666666666666666;
104;49;54;,0.16666666666666666;0.16666666666666666;0.16666666666666666;0.16666666666666666;0.16666666666666666;0.16666666666666666;
146;86;71;,0.16666666666666669;0.16666666666666669;0.16666666666666669;0.16666666666666669;0.16666666666666669;0.16666666666666669;
131;45;81;,0.16666666666666669;0.16666666666666669;0.16666666666666669;0.16666666666666669;0.16666666666666669;0.16666666666666669;
105;73;32;,0.16666666666666669;0.16666666666666669;0.16666666666666669;0.16666666666666669;0.16666666666666669;0.16666666666666669;
255;0;0;,0.16666666666666669;0.16666666666666669;0.16666666666666669;0.16666666666666669;0.16666666666666669;0.16666666666666669;
255;0;0;,0.16666666666666669;0.16666666666666669;0.16666666666666669;0.16666666666666669;0.16666666666666669;0.16666666666666669;
123;124;88;,0.16666666666666669;0.16666666666666669;0.16666666666666669;0.16666666666666669;0.16666666666666669;0.16666666666666669;
62;16;68;,0.16666666666666669;0.16666666666666669;0.16666666666666669;0.16666666666666669;0.16666666666666669;0.16666666666666669;
78;12;71;,0.16666666666666669;0.16666666666666669;0.16666666666666669;0.16666666666666669;0.16666666666666669;0.16666666666666669;
122;62;63;,0.16666666666666669;0.16666666666666669;0.16666666666666669;0.16666666666666669;0.16666666666666669;0.16666666666666669;
43;21;75;,0.16666666666666669;0.16666666666666669;0.16666666666666669;0.16666666666666669;0.16666666666666669;0.16666666666666669;
112;41;61;,0.16666666666666669;0.16666666666666669;0.16666666666666669;0.16666666666666669;0.16666666666666669;0.16666666666666669;
255;0;0;,0.16666666666666666;0.16666666666666666;0.16666666666666666;0.16666666666666666;0.16666666666666666;0.16666666666666666;
141;103;77;,0.16666666666666666;0.16666666666666666;0.16666666666666666;0.16666666666666666;0.16666666666666666;0.16666666666666666;
255;0;0;,0.16666666666666666;0.16666666666666666;0.16666666666666666;0.16666666666666666;0.16666666666666666;0.16666666666666666;
104;92;79;,0.16666666666666666;0.16666666666666666;0.16666666666666666;0.16666666666666666;0.16666666666666666;0.16666666666666666;
90;2;62;,0.16666666666666669;0.16666666666666669;0.16666666666666669;0.16666666666666669;0.16666666666666669;0.16666666666666669;
255;0;0;,0.16666666666666669;0.16666666666666669;0.16666666666666669;0.16666666666666669;0.16666666666666669;0.16666666666666669;
113;123;76;,0.16666666666666666;0.16666666666666666;0.16666666666666666;0.16666666666666666;0.16666666666666666;0.16666666666666666;
255;0;0;,0.16666666666666666;0.16666666666666666;0.16666666666666666;0.16666666666666666;0.16666666666666666;0.16666666666666666;
71;68;45;,0.16666666666666666;0.16666666666666666;0.16666666666666666;0.16666666666666666;0.16666666666666666;0.16666666666666666;
119;88;53;,0.16666666666666666;0.16666666666666666;0.16666666666666666;0.16666666666666666;0.16666666666666666;0.16666666666666666;
74;74;61;,0.16666666666666666;0.16666666666666666;0.16666666666666666;0.16666666666666666;0.16666666666666666;0.16666666666666666;
105;125;56;,0.16666666666666666;0.16666666666666666;0.16666666666666666;0.16666666666666666;0.16666666666666666;0.16666666666666666;
53;1;63;,0.16666666666666669;0.16666666666666669;0.16666666666666669;0.16666666666666669;0.16666666666666669;0.16666666666666669;
115;124;32;,0.16666666666666669;0.16666666666666669;0.16666666666666669;0.16666666666666669;0.16666666666666669;0.16666666666666669;
73;70;57;,0.16666666666666666;0.16666666666666666;0.16666666666666666;0.16666666666666666;0.16666666666666666;0.16666666666666666;
126;34;67;,0.16666666666666666;0.16666666666666666;0.16666666666666666;0.16666666666666666;0.16666666666666666;0.16666666666666666;
118;124;88;,0.16666666666666666;0.16666666666666666;0.16666666666666666;0.16666666666666666;0.16666666666666666;0.16666666666666666;
131;93;43;,0.16666666666666669;0.16666666666666669;0.16666666666666669;0.16666666666666669;0.16666666666666669;0.16666666666666669;
255;0;0;,0.16666666666666666;0.16666666666666666;0.16666666666666666;0.16666666666666666;0.16666666666666666;0.16666666666666666;
107;87;33;,0.16666666666666669;0.16666666666666669;0.16666666666666669;0.16666666666666669;0.16666666666666669;0.16666666666666669;
113;125;88;,0.16666666666666669;0.16666666666666669;0.16666666666666669;0.16666666666666669;0.16666666666666669;0.16666666666666669;
255;0;0;,0.16666666666666669;0.16666666666666669;0.16666666666666669;0.16666666666666669;0.16666666666666669;0.16666666666666669;
113;113;32;,0.16666666666666666;0.16666666666666666;0.16666666666666666;0.16666666666666666;0.16666666666666666;0.16666666666666666;
130;14;64;,0.16666666666666666;0.16666666666666666;0.16666666666666666;0.16666666666666666;0.16666666666666666;0.16666666666666666;
255;0;0;,0.16666666666666666;0.16666666666666666;0.16666666666666666;0.16666666666666666;0.16666666666666666;0.16666666666666666;
37;96;97;,0.16666666666666666;0.16666666666666666;0.16666666666666666;0.16666666666666666;0.16666666666666666;0.16666666666666666;
141;45;53;,0.16666666666666666;0.16666666666666666;0.16666666666666666;0.16666666666666666;0.16666666666666666;0.16666666666666666;
255;0;0;,0.16666666666666666;0.16666666666666666;0.16666666666666666;0.16666666666666666;0.16666666666666666;0.16666666666666666;
140;121;80;,0.16666666666666669;0.16666666666666669;0.16666666666666669;0.16666666666666669;0.16666666666666669;0.16666666666666669;
255;0;0;,0.16666666666666666;0.16666666666666666;0.16666666666666666;0.16666666666666666;0.16666666666666666;0.16666666666666666;
69;56;78;,0.16666666666666669;0.16666666666666669;0.16666666666666669;0.16666666666666669;0.16666666666666669;0.16666666666666669;
115;126;32;,0.16666666666666666;0.16666666666666666;0.16666666666666666;0.16666666666666666;0.16666666666666666;0.16666666666666666;
57;101;96;,0.16666666666666669;0.16666666666666669;0.16666666666666669;0.16666666666666669;0.16666666666666669;0.16666666666666669;
123;26;39;,0.16666666666666666;0.16666666666666666;0.16666666666666666;0.16666666666666666;0.16666666666666666;0.16666666666666666;
139;122;83;,0.16666666666666666;0.16666666666666666;0.16666666666666666;0.16666666666666666;0.16666666666666666;0.16666666666666666;
72;65;53;,0.16666666666666666;0.16666666666666666;0.16666666666666666;0.16666666666666666;0.16666666666666666;0.16666666666666666;
128;89;87;,0.16666666666666669;0.16666666666666669;0.16666666666666669;0.16666666666666669;0.16666666666666669;0.16666666666666669;
73;53;68;,0.16666666666666666;0.16666666666666666;0.16666666666666666;0.16666666666666666;0.16666666666666666;0.16666666666666666;
140;97;78;,0.16666666666666669;0.16666666666666669;0.16666666666666669;0.16666666666666669;0.16666666666666669;0.16666666666666669;
63;91;95;,0.16666666666666669;0.16666666666666669;0.16666666666666669;0.16666666666666669;0.16666666666666669;0.16666666666666669;
91;76;50;,0.16666666666666669;0.16666666666666669;0.16666666666666669;0.16666666666666669;0.16666666666666669;0.16666666666666669;
125;6;71;,0.16666666666666666;0.16666666666666666;0.16666666666666666;0.16666666666666666;0.16666666666666666;0.16666666666666666;
111;118;81;,0.16666666666666666;0.16666666666666666;0.16666666666666666;0.16666666666666666;0.16666666666666666;0.16666666666666666;
100;76;70;,0.16666666666666666;0.16666666666666666;0.16666666666666666;0.16666666666666666;0.16666666666666666;0.16666666666666666;
41;111;100;,0.16666666666666669;0.16666666666666669;0.16666666666666669;0.16666666666666669;0.16666666666666669;0.16666666666666669;
128;79;46;,0.16666666666666669;0.16666666666666669;0.16666666666666669;0.16666666666666669;0.16666666666666669;0.16666666666666669;
255;0;0;,0.16666666666666669;0.16666666666666669;0.16666666666666669;0.16666666666666669;0.16666666666666669;0.16666666666666669;
79;106;84;,0.16666666666666666;0.16666666666666666;0.16666666666666666;0.16666666666666666;0.16666666666666666;0.16666666666666666;
60;91;16;,0.16666666666666666;0.16666666666666666;0.16666666666666666;0.16666666666666666;0.16666666666666666;0.16666666666666666;
91;53;43;,0.16666666666666666;0.16666666666666666;0.16666666666666666;0.16666666666666666;0.16666666666666666;0.16666666666666666;
140;119;78;,0.16666666666666666;0.16666666666666666;0.16666666666666666;0.16666666666666666;0.16666666666666666;0.16666666666666666;
115;4;71;,0.16666666666666669;0.16666666666666669;0.16666666666666669;0.16666666666666669;0.16666666666666669;0.16666666666666669;
116;93;54;,0.16666666666666669;0.16666666666666669;0.16666666666666669;0.16666666666666669;0.16666666666666669;0.16666666666666669;
135;23;65;,0.16666666666666666;0.16666666666666666;0.16666666666666666;0.16666666666666666;0.16666666666666666;0.16666666666666666;
113;124;32;,0.16666666666666669;0.16666666666666669;0.16666666666666669;0.16666666666666669;0.16666666666666669;0.16666666666666669;
112;34;28;,0.16666666666666669;0.16666666666666669;0.16666666666666669;0.16666666666666669;0.16666666666666669;0.16666666666666669;
139;87;81;,0.16666666666666666;0.16666666666666666;0.16666666666666666;0.16666666666666666;0.16666666666666666;0.16666666666666666;
72;67;49;,0.16666666666666666;0.16666666666666666;0.16666666666666666;0.16666666666666666;0.16666666666666666;0.16666666666666666;
96;68;85;,0.16666666666666669;0.16666666666666669;0.16666666666666669;0.16666666666666669;0.16666666666666669;0.16666666666666669;
134;82;44;,0.16666666666666669;0.16666666666666669;0.16666666666666669;0.16666666666666669;0.16666666666666669;0.16666666666666669;
27;106;7;,0.16666666666666666;0.16666666666666666;0.16666666666666666;0.16666666666666666;0.16666666666666666;0.16666666666666666;
71;112;93;,0.16666666666666666;0.16666666666666666;0.16666666666666666;0.16666666666666666;0.16666666666666666;0.16666666666666666;
67;81;89;,0.16666666666666666;0.16666666666666666;0.16666666666666666;0.16666666666666666;0.16666666666666666;0.16666666666666666;
143;6;51;,0.16666666666666669;0.16666666666666669;0.16666666666666669;0.16666666666666669;0.16666666666666669;0.16666666666666669;
255;0;0;,0.16666666666666666;0.16666666666666666;0.16666666666666666;0.16666666666666666;0.16666666666666666;0.16666666666666666;
140;38;71;,0.16666666666666669;0.16666666666666669;0.16666666666666669;0.16666666666666669;0.16666666666666669;0.16666666666666669;
54;71;78;,0.16666666666666669;0.16666666666666669;0.16666666666666669;0.16666666666666669;0.16666666666666669;0.16666666666666669;
109;15;28;,0.16666666666666669;0.16666666666666669;0.16666666666666669;0.16666666666666669;0.16666666666666669;0.16666666666666669;
118;17;77;,0.16666666666666669;0.16666666666666669;0.16666666666666669;0.16666666666666669;0.16666666666666669;0.16666666666666669;
103;2;63;,0.16666666666666669;0.16666666666666669;0.16666666666666669;0.16666666666666669;0.16666666666666669;0.16666666666666669;
255;0;0;,0.16666666666666669;0.16666666666666669;0.16666666666666669;0.16666666666666669;0.16666666666666669;0.16666666666666669;
133;14;69;,0.16666666666666669;0.16666666666666669;0.16666666666666669;0.16666666666666669;0.16666666666666669;0.16666666666666669;
124;79;51;,0.16666666666666666;0.16666666666666666;0.16666666666666666;0.16666666666666666;0.16666666666666666;0.16666666666666666;
124;114;81;,0.16666666666666669;0.16666666666666669;0.16666666666666669;0.16666666666666669;0.16666666666666669;0.16666666666666669;
108;11;76;,0.16666666666666669;0.16666666666666669;0.16666666666666669;0.16666666666666669;0.16666666666666669;0.16666666666666669;
255;0;0;,0.16666666666666666;0.16666666666666666;0.16666666666666666;0.16666666666666666;0.16666666666666666;0.16666666666666666;
140;80;78;,0.16666666666666666;0.16666666666666666;0.16666666666666666;0.16666666666666666;0.16666666666666666;0.16666666666666666;
122;31;65;,0.16666666666666666;0.16666666666666666;0.16666666666666666;0.16666666666666666;0.16666666666666666;0.16666666666666666;
113;115;32;,0.16666666666666669;0.16666666666666669;0.16666666666666669;0.16666666666666669;0.16666666666666669;0.16666666666666669;
140;102;78;,0.16666666666666669;0.16666666666666669;0.16666666666666669;0.16666666666666669;0.16666666666666669;0.16666666666666669;
150;91;67;,0.16666666666666666;0.16666666666666666;0.16666666666666666;0.16666666666666666;0.16666666666666666;0.16666666666666666;
141;104;77;,0.16666666666666666;0.16666666666666666;0.16666666666666666;0.16666666666666666;0.16666666666666666;0.16666666666666666;
114;86;31;,0.16666666666666669;0.16666666666666669;0.16666666666666669;0.16666666666666669;0.16666666666666669;0.16666666666666669;
56;101;14;,0.16666666666666669;0.16666666666666669;0.16666666666666669;0.16666666666666669;0.16666666666666669;0.16666666666666669;
111;22;28;,0.16666666666666666;0.16666666666666666;0.16666666666666666;0.16666666666666666;0.16666666666666666;0.16666666666666666;
116;84;72;,0.16666666666666666;0.16666666666666666;0.16666666666666666;0.16666666666666666;0.16666666666666666;0.16666666666666666;
83;18;72;,0.16666666666666666;0.16666666666666666;0.16666666666666666;0.16666666666666666;0.16666666666666666;0.16666666666666666;
71;56;73;,0.16666666666666669;0.16666666666666669;0.16666666666666669;0.16666666666666669;0.16666666666666669;0.16666666666666669;
113;93;36;,0.16666666666666669;0.16666666666666669;0.16666666666666669;0.16666666666666669;0.16666666666666669;0.16666666666666669;
75;8;73;,0.16666666666666666;0.16666666666666666;0.16666666666666666;0.16666666666666666;0.16666666666666666;0.16666666666666666;
101;63;76;,0.16666666666666666;0.16666666666666666;0.16666666666666666;0.16666666666666666;0.16666666666666666;0.16666666666666666;
125;77;49;,0.16666666666666669;0.16666666666666669;0.16666666666666669;0.16666666666666669;0.16666666666666669;0.16666666666666669;
99;63;67;,0.16666666666666666;0.16666666666666666;0.16666666666666666;0.16666666666666666;0.16666666666666666;0.16666666666666666;
69;67;36;,0.16666666666666666;0.16666666666666666;0.16666666666666666;0.16666666666666666;0.16666666666666666;0.16666666666666666;
255;0;0;,0.16666666666666666;0.16666666666666666;0.16666666666666666;0.16666666666666666;0.16666666666666666;0.16666666666666666;
118;1;63;,0.16666666666666669;0.16666666666666669;0.16666666666666669;0.16666666666666669;0.16666666666666669;0.16666666666666669;
112;51;72;,0.16666666666666666;0.16666666666666666;0.16666666666666666;0.16666666666666666;0.16666666666666666;0.16666666666666666;
112;60;28;,0.16666666666666669;0.16666666666666669;0.16666666666666669;0.16666666666666669;0.16666666666666669;0.16666666666666669;
122;55;62;,0.16666666666666666;0.16666666666666666;0.16666666666666666;0.16666666666666666;0.16666666666666666;0.16666666666666666;
127;95;74;,0.16666666666666669;0.16666666666666669;0.16666666666666669;0.16666666666666669;0.16666666666666669;0.16666666666666669;
255;0;0;,0.16666666666666669;0.16666666666666669;0.16666666666666669;0.16666666666666669;0.16666666666666669;0.16666666666666669;
62;105;87;,0.16666666666666666;0.16666666666666666;0.16666666666666666;0.16666666666666666;0.16666666666666666;0.16666666666666666;
129;83;73;,0.16666666666666666;0.16666666666666666;0.16666666666666666;0.16666666666666666;0.16666666666666666;0.16666666666666666;
53;69;75;,0.16666666666666666;0.16666666666666666;0.16666666666666666;0.16666666666666666;0.16666666666666666;0.16666666666666666;
141;96;77;,0.16666666666666666;0.16666666666666666;0.16666666666666666;0.16666666666666666;0.16666666666666666;0.16666666666666666;
82;15;49;,0.16666666666666666;0.16666666666666666;0.16666666666666666;0.16666666666666666;0.16666666666666666;0.16666666666666666;
43;7;52;,0.16666666666666669;0.16666666666666669;0.16666666666666669;0.16666666666666669;0.16666666666666669;0.16666666666666669;
118;23;69;,0.16666666666666666;0.16666666666666666;0.16666666666666666;0.16666666666666666;0.16666666666666666;0.16666666666666666;
25;29;20;,0.16666666666666669;0.16666666666666669;0.16666666666666669;0.16666666666666669;0.16666666666666669;0.16666666666666669;
38;9;48;,0.16666666666666666;0.16666666666666666;0.16666666666666666;0.16666666666666666;0.16666666666666666;0.16666666666666666;
140;108;78;,0.16666666666666669;0.16666666666666669;0.16666666666666669;0.16666666666666669;0.16666666666666669;0.16666666666666669;
90;91;87;,0.16666666666666669;0.16666666666666669;0.16666666666666669;0.16666666666666669;0.16666666666666669;0.16666666666666669;
133;95;73;,0.16666666666666666;0.16666666666666666;0.16666666666666666;0.16666666666666666;0.16666666666666666;0.16666666666666666;
115;94;37;,0.16666666666666666;0.16666666666666666;0.16666666666666666;0.16666666666666666;0.16666666666666666;0.16666666666666666;
255;0;0;,0.16666666666666666;0.16666666666666666;0.16666666666666666;0.16666666666666666;0.16666666666666666;0.16666666666666666;
131;6;72;,0.16666666666666666;0.16666666666666666;0.16666666666666666;0.16666666666666666;0.16666666666666666;0.16666666666666666;
102;57;74;,0.16666666666666669;0.16666666666666669;0.16666666666666669;0.16666666666666669;0.16666666666666669;0.16666666666666669;
112;74;29;,0.16666666666666666;0.16666666666666666;0.16666666666666666;0.16666666666666666;0.16666666666666666;0.16666666666666666;
83;106;89;,0.16666666666666669;0.16666666666666669;0.16666666666666669;0.16666666666666669;0.16666666666666669;0.16666666666666669;
70;64;82;,0.16666666666666669;0.16666666666666669;0.16666666666666669;0.16666666666666669;0.16666666666666669;0.16666666666666669;
87;112;86;,0.16666666666666666;0.16666666666666666;0.16666666666666666;0.16666666666666666;0.16666666666666666;0.16666666666666666;
129;36;58;,0.16666666666666669;0.16666666666666669;0.16666666666666669;0.16666666666666669;0.16666666666666669;0.16666666666666669;
255;0;0;,0.16666666666666669;0.16666666666666669;0.16666666666666669;0.16666666666666669;0.16666666666666669;0.16666666666666669;
146;56;69;,0.16666666666666666;0.16666666666666666;0.16666666666666666;0.16666666666666666;0.16666666666666666;0.16666666666666666;
71;7;72;,0.16666666666666669;0.16666666666666669;0.16666666666666669;0.16666666666666669;0.16666666666666669;0.16666666666666669;
255;0;0;,0.16666666666666669;0.16666666666666669;0.16666666666666669;0.16666666666666669;0.16666666666666669;0.16666666666666669;
128;125;88;,0.16666666666666666;0.16666666666666666;0.16666666666666666;0.16666666666666666;0.16666666666666666;0.16666666666666666;
140;123;79;,0.16666666666666666;0.16666666666666666;0.16666666666666666;0.16666666666666666;0.16666666666666666;0.16666666666666666;
129;38;67;,0.16666666666666669;0.16666666666666669;0.16666666666666669;0.16666666666666669;0.16666666666666669;0.16666666666666669;
99;69;69;,0.16666666666666669;0.16666666666666669;0.16666666666666669;0.16666666666666669;0.16666666666666669;0.16666666666666669;
141;103;76;,0.16666666666666669;0.16666666666666669;0.16666666666666669;0.16666666666666669;0.16666666666666669;0.16666666666666669;
112;90;29;,0.16666666666666669;0.16666666666666669;0.16666666666666669;0.16666666666666669;0.16666666666666669;0.16666666666666669;
137;36;55;,0.16666666666666666;0.16666666666666666;0.16666666666666666;0.16666666666666666;0.16666666666666666;0.16666666666666666;
147;88;69;,0.16666666666666666;0.16666666666666666;0.16666666666666666;0.16666666666666666;0.16666666666666666;0.16666666666666666;
105;48;55;,0.16666666666666669;0.16666666666666669;0.16666666666666669;0.16666666666666669;0.16666666666666669;0.16666666666666669;
110;2;28;,0.16666666666666666;0.16666666666666666;0.16666666666666666;0.16666666666666666;0.16666666666666666;0.16666666666666666;
255;0;0;,0.16666666666666666;0.16666666666666666;0.16666666666666666;0.16666666666666666;0.16666666666666666;0.16666666666666666;
106;43;29;,0.16666666666666666;0.16666666666666666;0.16666666666666666;0.16666666666666666;0.16666666666666666;0.16666666666666666;
255;0;0;,0.16666666666666666;0.16666666666666666;0.16666666666666666;0.16666666666666666;0.16666666666666666;0.16666666666666666;
62;1;71;,0.16666666666666669;0.16666666666666669;0.16666666666666669;0.16666666666666669;0.16666666666666669;0.16666666666666669;
74;49;67;,0.16666666666666669;0.16666666666666669;0.16666666666666669;0.16666666666666669;0.16666666666666669;0.16666666666666669;
144;38;67;,0.16666666666666666;0.16666666666666666;0.16666666666666666;0.16666666666666666;0.16666666666666666;0.16666666666666666;
52;112;13;,0.16666666666666666;0.16666666666666666;0.16666666666666666;0.16666666666666666;0.16666666666666666;0.16666666666666666;
83;7;62;,0.16666666666666666;0.16666666666666666;0.16666666666666666;0.16666666666666666;0.16666666666666666;0.16666666666666666;
54;1;68;,0.16666666666666666;0.16666666666666666;0.16666666666666666;0.16666666666666666;0.16666666666666666;0.16666666666666666;
88;1;62;,0.16666666666666666;0.16666666666666666;0.16666666666666666;0.16666666666666666;0.16666666666666666;0.16666666666666666;
255;0;0;,0.16666666666666666;0.16666666666666666;0.16666666666666666;0.16666666666666666;0.16666666666666666;0.16666666666666666;
255;0;0;,0.16666666666666666;0.16666666666666666;0.16666666666666666;0.16666666666666666;0.16666666666666666;0.16666666666666666;
144;77;72;,0.16666666666666669;0.16666666666666669;0.16666666666666669;0.16666666666666669;0.16666666666666669;0.16666666666666669;
255;0;0;,0.16666666666666666;0.16666666666666666;0.16666666666666666;0.16666666666666666;0.16666666666666666;0.16666666666666666;
131;74;72;,0.16666666666666669;0.16666666666666669;0.16666666666666669;0.16666666666666669;0.16666666666666669;0.16666666666666669;
68;67;31;,0.16666666666666666;0.16666666666666666;0.16666666666666666;0.16666666666666666;0.16666666666666666;0.16666666666666666;
255;0;0;,0.16666666666666666;0.16666666666666666;0.16666666666666666;0.16666666666666666;0.16666666666666666;0.16666666666666666;
255;0;0;,0.16666666666666666;0.16666666666666666;0.16666666666666666;0.16666666666666666;0.16666666666666666;0.16666666666666666;
96;83;83;,0.16666666666666666;0.16666666666666666;0.16666666666666666;0.16666666666666666;0.16666666666666666;0.16666666666666666;
140;125;79;,0.16666666666666666;0.16666666666666666;0.16666666666666666;0.16666666666666666;0.16666666666666666;0.16666666666666666;
255;0;0;,0.16666666666666669;0.16666666666666669;0.16666666666666669;0.16666666666666669;0.16666666666666669;0.16666666666666669;
140;107;77;,0.16666666666666669;0.16666666666666669;0.16666666666666669;0.16666666666666669;0.16666666666666669;0.16666666666666669;
146;77;70;,0.16666666666666669;0.16666666666666669;0.16666666666666669;0.16666666666666669;0.16666666666666669;0.16666666666666669;
68;66;33;,0.16666666666666669;0.16666666666666669;0.16666666666666669;0.16666666666666669;0.16666666666666669;0.16666666666666669;
102;65;76;,0.16666666666666666;0.16666666666666666;0.16666666666666666;0.16666666666666666;0.16666666666666666;0.16666666666666666;
96;53;81;,0.16666666666666669;0.16666666666666669;0.16666666666666669;0.16666666666666669;0.16666666666666669;0.16666666666666669;
122;68;65;,0.16666666666666666;0.16666666666666666;0.16666666666666666;0.16666666666666666;0.16666666666666666;0.16666666666666666;
255;0;0;,0.16666666666666666;0.16666666666666666;0.16666666666666666;0.16666666666666666;0.16666666666666666;0.16666666666666666;
135;106;45;,0.16666666666666669;0.16666666666666669;0.16666666666666669;0.16666666666666669;0.16666666666666669;0.16666666666666669;
101;115;55;,0.16666666666666669;0.16666666666666669;0.16666666666666669;0.16666666666666669;0.16666666666666669;0.16666666666666669;
140;116;79;,0.16666666666666666;0.16666666666666666;0.16666666666666666;0.16666666666666666;0.16666666666666666;0.16666666666666666;
133;118;44;,0.16666666666666666;0.16666666666666666;0.16666666666666666;0.16666666666666666;0.16666666666666666;0.16666666666666666;
34;62;87;,0.16666666666666666;0.16666666666666666;0.16666666666666666;0.16666666666666666;0.16666666666666666;0.16666666666666666;
101;115;88;,0.16666666666666669;0.16666666666666669;0.16666666666666669;0.16666666666666669;0.16666666666666669;0.16666666666666669;
80;86;68;,0.16666666666666666;0.16666666666666666;0.16666666666666666;0.16666666666666666;0.16666666666666666;0.16666666666666666;
114;41;62;,0.16666666666666666;0.16666666666666666;0.16666666666666666;0.16666666666666666;0.16666666666666666;0.16666666666666666;
33;106;4;,0.16666666666666666;0.16666666666666666;0.16666666666666666;0.16666666666666666;0.16666666666666666;0.16666666666666666;
115;22;51;,0.16666666666666669;0.16666666666666669;0.16666666666666669;0.16666666666666669;0.16666666666666669;0.16666666666666669;
142;53;74;,0.16666666666666666;0.16666666666666666;0.16666666666666666;0.16666666666666666;0.16666666666666666;0.16666666666666666;
255;0;0;,0.16666666666666669;0.16666666666666669;0.16666666666666669;0.16666666666666669;0.16666666666666669;0.16666666666666669;
255;0;0;,0.16666666666666666;0.16666666666666666;0.16666666666666666;0.16666666666666666;0.16666666666666666;0.16666666666666666;
131;4;62;,0.16666666666666669;0.16666666666666669;0.16666666666666669;0.16666666666666669;0.16666666666666669;0.16666666666666669;
143;86;73;,0.16666666666666666;0.16666666666666666;0.16666666666666666;0.16666666666666666;0.16666666666666666;0.16666666666666666;
141;102;76;,0.16666666666666669;0.16666666666666669;0.16666666666666669;0.16666666666666669;0.16666666666666669;0.16666666666666669;
48;120;12;,0.16666666666666669;0.16666666666666669;0.16666666666666669;0.16666666666666669;0.16666666666666669;0.16666666666666669;
71;73;79;,0.16666666666666666;0.16666666666666666;0.16666666666666666;0.16666666666666666;0.16666666666666666;0.16666666666666666;
146;42;65;,0.16666666666666669;0.16666666666666669;0.16666666666666669;0.16666666666666669;0.16666666666666669;0.16666666666666669;
56;72;85;,0.16666666666666669;0.16666666666666669;0.16666666666666669;0.16666666666666669;0.16666666666666669;0.16666666666666669;
140;123;80;,0.16666666666666666;0.16666666666666666;0.16666666666666666;0.16666666666666666;0.16666666666666666;0.16666666666666666;
138;21;72;,0.16666666666666669;0.16666666666666669;0.16666666666666669;0.16666666666666669;0.16666666666666669;0.16666666666666669;
56;80;82;,0.16666666666666666;0.16666666666666666;0.16666666666666666;0.16666666666666666;0.16666666666666666;0.16666666666666666;
99;7;75;,0.16666666666666669;0.16666666666666669;0.16666666666666669;0.16666666666666669;0.16666666666666669;0.16666666666666669;
68;58;73;,0.16666666666666669;0.16666666666666669;0.16666666666666669;0.16666666666666669;0.16666666666666669;0.16666666666666669;
255;0;0;,0.16666666666666669;0.16666666666666669;0.16666666666666669;0.16666666666666669;0.16666666666666669;0.16666666666666669;
128;49;41;,0.16666666666666666;0.16666666666666666;0.16666666666666666;0.16666666666666666;0.16666666666666666;0.16666666666666666;
45;92;86;,0.16666666666666669;0.16666666666666669;0.16666666666666669;0.16666666666666669;0.16666666666666669;0.16666666666666669;
75;20;50;,0.16666666666666666;0.16666666666666666;0.16666666666666666;0.16666666666666666;0.16666666666666666;0.16666666666666666;
129;1;51;,0.16666666666666666;0.16666666666666666;0.16666666666666666;0.16666666666666666;0.16666666666666666;0.16666666666666666;
124;88;76;,0.16666666666666669;0.16666666666666669;0.16666666666666669;0.16666666666666669;0.16666666666666669;0.16666666666666669;
94;86;84;,0.16666666666666669;0.16666666666666669;0.16666666666666669;0.16666666666666669;0.16666666666666669;0.16666666666666669;
132;66;84;,0.16666666666666669;0.16666666666666669;0.16666666666666669;0.16666666666666669;0.16666666666666669;0.16666666666666669;
71;123;90;,0.16666666666666666;0.16666666666666666;0.16666666666666666;0.16666666666666666;0.16666666666666666;0.16666666666666666;
127;77;48;,0.16666666666666666;0.16666666666666666;0.16666666666666666;0.16666666666666666;0.16666666666666666;0.16666666666666666;
130;90;72;,0.16666666666666669;0.16666666666666669;0.16666666666666669;0.16666666666666669;0.16666666666666669;0.16666666666666669;
48;13;73;,0.16666666666666666;0.16666666666666666;0.16666666666666666;0.16666666666666666;0.16666666666666666;0.16666666666666666;
140;108;78;,0.16666666666666666;0.16666666666666666;0.16666666666666666;0.16666666666666666;0.16666666666666666;0.16666666666666666;
112;1;63;,0.16666666666666669;0.16666666666666669;0.16666666666666669;0.16666666666666669;0.16666666666666669;0.16666666666666669;
117;105;78;,0.16666666666666666;0.16666666666666666;0.16666666666666666;0.16666666666666666;0.16666666666666666;0.16666666666666666;
66;114;89;,0.16666666666666669;0.16666666666666669;0.16666666666666669;0.16666666666666669;0.16666666666666669;0.16666666666666669;
255;0;0;,0.16666666666666669;0.16666666666666669;0.16666666666666669;0.16666666666666669;0.16666666666666669;0.16666666666666669;
135;102;44;,0.16666666666666669;0.16666666666666669;0.16666666666666669;0.16666666666666669;0.16666666666666669;0.16666666666666669;
140;119;79;,0.16666666666666666;0.16666666666666666;0.16666666666666666;0.16666666666666666;0.16666666666666666;0.16666666666666666;
126;37;40;,0.16666666666666669;0.16666666666666669;0.16666666666666669;0.16666666666666669;0.16666666666666669;0.16666666666666669;
140;124;79;,0.16666666666666669;0.16666666666666669;0.16666666666666669;0.16666666666666669;0.16666666666666669;0.16666666666666669;
255;0;0;,0.16666666666666666;0.16666666666666666;0.16666666666666666;0.16666666666666666;0.16666666666666666;0.16666666666666666;
70;67;85;,0.16666666666666666;0.16666666666666666;0.16666666666666666;0.16666666666666666;0.16666666666666666;0.16666666666666666;
66;70;24;,0.16666666666666669;0.16666666666666669;0.16666666666666669;0.16666666666666669;0.16666666666666669;0.16666666666666669;
102;52;59;,0.16666666666666666;0.16666666666666666;0.16666666666666666;0.16666666666666666;0.16666666666666666;0.16666666666666666;
83;110;85;,0.16666666666666669;0.16666666666666669;0.16666666666666669;0.16666666666666669;0.16666666666666669;0.16666666666666669;
140;105;79;,0.16666666666666669;0.16666666666666669;0.16666666666666669;0.16666666666666669;0.16666666666666669;0.16666666666666669;
111;12;71;,0.16666666666666666;0.16666666666666666;0.16666666666666666;0.16666666666666666;0.16666666666666666;0.16666666666666666;
74;51;76;,0.16666666666666669;0.16666666666666669;0.16666666666666669;0.16666666666666669;0.16666666666666669;0.16666666666666669;
143;86;73;,0.16666666666666669;0.16666666666666669;0.16666666666666669;0.16666666666666669;0.16666666666666669;0.16666666666666669;
131;77;86;,0.16666666666666666;0.16666666666666666;0.16666666666666666;0.16666666666666666;0.16666666666666666;0.16666666666666666;
255;0;0;,0.16666666666666666;0.16666666666666666;0.16666666666666666;0.16666666666666666;0.16666666666666666;0.16666666666666666;
140;121;79;,0.16666666666666669;0.16666666666666669;0.16666666666666669;0.16666666666666669;0.16666666666666669;0.16666666666666669;
132;62;71;,0.16666666666666666;0.16666666666666666;0.16666666666666666;0.16666666666666666;0.16666666666666666;0.16666666666666666;
77;104;84;,0.16666666666666669;0.16666666666666669;0.16666666666666669;0.16666666666666669;0.16666666666666669;0.16666666666666669;
142;65;75;,0.16666666666666669;0.16666666666666669;0.16666666666666669;0.16666666666666669;0.16666666666666669;0.16666666666666669;
255;0;0;,0.16666666666666669;0.16666666666666669;0.16666666666666669;0.16666666666666669;0.16666666666666669;0.16666666666666669;
88;97;90;,0.16666666666666666;0.16666666666666666;0.16666666666666666;0.16666666666666666;0.16666666666666666;0.16666666666666666;
141;106;77;,0.16666666666666666;0.16666666666666666;0.16666666666666666;0.16666666666666666;0.16666666666666666;0.16666666666666666;
61;96;94;,0.16666666666666666;0.16666666666666666;0.16666666666666666;0.16666666666666666;0.16666666666666666;0.16666666666666666;
132;72;43;,0.16666666666666666;0.16666666666666666;0.16666666666666666;0.16666666666666666;0.16666666666666666;0.16666666666666666;
112;73;69;,0.16666666666666666;0.16666666666666666;0.16666666666666666;0.16666666666666666;0.16666666666666666;0.16666666666666666;
55;63;79;,0.16666666666666669;0.16666666666666669;0.16666666666666669;0.16666666666666669;0.16666666666666669;0.16666666666666669;
111;31;52;,0.16666666666666666;0.16666666666666666;0.16666666666666666;0.16666666666666666;0.16666666666666666;0.16666666666666666;
255;0;0;,0.16666666666666666;0.16666666666666666;0.16666666666666666;0.16666666666666666;0.16666666666666666;0.16666666666666666;
125;79;70;,0.16666666666666669;0.16666666666666669;0.16666666666666669;0.16666666666666669;0.16666666666666669;0.16666666666666669;
112;51;28;,0.16666666666666669;0.16666666666666669;0.16666666666666669;0.16666666666666669;0.16666666666666669;0.16666666666666669;
108;26;28;,0.16666666666666666;0.16666666666666666;0.16666666666666666;0.16666666666666666;0.16666666666666666;0.16666666666666666;
92;112;87;,0.16666666666666669;0.16666666666666669;0.16666666666666669;0.16666666666666669;0.16666666666666669;0.16666666666666669;
57;8;68;,0.16666666666666669;0.16666666666666669;0.16666666666666669;0.16666666666666669;0.16666666666666669;0.16666666666666669;
115;40;64;,0.16666666666666669;0.16666666666666669;0.16666666666666669;0.16666666666666669;0.16666666666666669;0.16666666666666669;
140;102;78;,0.16666666666666666;0.16666666666666666;0.16666666666666666;0.16666666666666666;0.16666666666666666;0.16666666666666666;
69;69;38;,0.16666666666666669;0.16666666666666669;0.16666666666666669;0.16666666666666669;0.16666666666666669;0.16666666666666669;
100;75;79;,0.16666666666666666;0.16666666666666666;0.16666666666666666;0.16666666666666666;0.16666666666666666;0.16666666666666666;
124;31;66;,0.16666666666666669;0.16666666666666669;0.16666666666666669;0.16666666666666669;0.16666666666666669;0.16666666666666669;
140;94;86;,0.16666666666666669;0.16666666666666669;0.16666666666666669;0.16666666666666669;0.16666666666666669;0.16666666666666669;
255;0;0;,0.16666666666666666;0.16666666666666666;0.16666666666666666;0.16666666666666666;0.16666666666666666;0.16666666666666666;
108;125;88;,0.16666666666666666;0.16666666666666666;0.16666666666666666;0.16666666666666666;0.16666666666666666;0.16666666666666666;
87;9;67;,0.16666666666666666;0.16666666666666666;0.16666666666666666;0.16666666666666666;0.16666666666666666;0.16666666666666666;
113;89;30;,0.16666666666666669;0.16666666666666669;0.16666666666666669;0.16666666666666669;0.16666666666666669;0.16666666666666669;
115;115;32;,0.16666666666666669;0.16666666666666669;0.16666666666666669;0.16666666666666669;0.16666666666666669;0.16666666666666669;
57;121;90;,0.16666666666666666;0.16666666666666666;0.16666666666666666;0.16666666666666666;0.16666666666666666;0.16666666666666666;
109;115;56;,0.16666666666666669;0.16666666666666669;0.16666666666666669;0.16666666666666669;0.16666666666666669;0.16666666666666669;
106;49;56;,0.16666666666666666;0.16666666666666666;0.16666666666666666;0.16666666666666666;0.16666666666666666;0.16666666666666666;
255;0;0;,0.16666666666666666;0.16666666666666666;0.16666666666666666;0.16666666666666666;0.16666666666666666;0.16666666666666666;
130;44;69;,0.16666666666666666;0.16666666666666666;0.16666666666666666;0.16666666666666666;0.16666666666666666;0.16666666666666666;
140;111;80;,0.16666666666666669;0.16666666666666669;0.16666666666666669;0.16666666666666669;0.16666666666666669;0.16666666666666669;
118;119;76;,0.16666666666666669;0.16666666666666669;0.16666666666666669;0.16666666666666669;0.16666666666666669;0.16666666666666669;
110;92;35;,0.16666666666666669;0.16666666666666669;0.16666666666666669;0.16666666666666669;0.16666666666666669;0.16666666666666669;
44;42;72;,0.16666666666666669;0.16666666666666669;0.16666666666666669;0.16666666666666669;0.16666666666666669;0.16666666666666669;
115;1;63;,0.16666666666666666;0.16666666666666666;0.16666666666666666;0.16666666666666666;0.16666666666666666;0.16666666666666666;
141;83;76;,0.16666666666666669;0.16666666666666669;0.16666666666666669;0.16666666666666669;0.16666666666666669;0.16666666666666669;
72;21;51;,0.16666666666666669;0.16666666666666669;0.16666666666666669;0.16666666666666669;0.16666666666666669;0.16666666666666669;
134;4;51;,0.16666666666666669;0.16666666666666669;0.16666666666666669;0.16666666666666669;0.16666666666666669;0.16666666666666669;
255;0;0;,0.16666666666666666;0.16666666666666666;0.16666666666666666;0.16666666666666666;0.16666666666666666;0.16666666666666666;
127;84;71;,0.16666666666666666;0.16666666666666666;0.16666666666666666;0.16666666666666666;0.16666666666666666;0.16666666666666666;
131;112;42;,0.16666666666666666;0.16666666666666666;0.16666666666666666;0.16666666666666666;0.16666666666666666;0.16666666666666666;
122;82;52;,0.16666666666666669;0.16666666666666669;0.16666666666666669;0.16666666666666669;0.16666666666666669;0.16666666666666669;
255;0;0;,0.16666666666666666;0.16666666666666666;0.16666666666666666;0.16666666666666666;0.16666666666666666;0.16666666666666666;
77;15;67;,0.16666666666666666;0.16666666666666666;0.16666666666666666;0.16666666666666666;0.16666666666666666;0.16666666666666666;
108;22;72;,0.16666666666666669;0.16666666666666669;0.16666666666666669;0.16666666666666669;0.16666666666666669;0.16666666666666669;
93;41;77;,0.16666666666666669;0.16666666666666669;0.16666666666666669;0.16666666666666669;0.16666666666666669;0.16666666666666669;
140;122;78;,0.16666666666666666;0.16666666666666666;0.16666666666666666;0.16666666666666666;0.16666666666666666;0.16666666666666666;
140;120;79;,0.16666666666666666;0.16666666666666666;0.16666666666666666;0.16666666666666666;0.16666666666666666;0.16666666666666666;
142;93;74;,0.16666666666666669;0.16666666666666669;0.16666666666666669;0.16666666666666669;0.16666666666666669;0.16666666666666669;
65;75;21;,0.16666666666666666;0.16666666666666666;0.16666666666666666;0.16666666666666666;0.16666666666666666;0.16666666666666666;
100;21;38;,0.16666666666666669;0.16666666666666669;0.16666666666666669;0.16666666666666669;0.16666666666666669;0.16666666666666669;
96;33;40;,0.16666666666666666;0.16666666666666666;0.16666666666666666;0.16666666666666666;0.16666666666666666;0.16666666666666666;
140;121;79;,0.16666666666666666;0.16666666666666666;0.16666666666666666;0.16666666666666666;0.16666666666666666;0.16666666666666666;
57;8;66;,0.16666666666666666;0.16666666666666666;0.16666666666666666;0.16666666666666666;0.16666666666666666;0.16666666666666666;
70;70;40;,0.16666666666666666;0.16666666666666666;0.16666666666666666;0.16666666666666666;0.16666666666666666;0.16666666666666666;
49;105;88;,0.16666666666666666;0.16666666666666666;0.16666666666666666;0.16666666666666666;0.16666666666666666;0.16666666666666666;
128;108;80;,0.16666666666666666;0.16666666666666666;0.16666666666666666;0.16666666666666666;0.16666666666666666;0.16666666666666666;
69;31;71;,0.16666666666666669;0.16666666666666669;0.16666666666666669;0.16666666666666669;0.16666666666666669;0.16666666666666669;
255;0;0;,0.16666666666666666;0.16666666666666666;0.16666666666666666;0.16666666666666666;0.16666666666666666;0.16666666666666666;
140;126;78;,0.16666666666666669;0.16666666666666669;0.16666666666666669;0.16666666666666669;0.16666666666666669;0.16666666666666669;
255;0;0;,0.16666666666666669;0.16666666666666669;0.16666666666666669;0.16666666666666669;0.16666666666666669;0.16666666666666669;
105;97;74;,0.16666666666666666;0.16666666666666666;0.16666666666666666;0.16666666666666666;0.16666666666666666;0.16666666666666666;
72;76;84;,0.16666666666666666;0.16666666666666666;0.16666666666666666;0.16666666666666666;0.16666666666666666;0.16666666666666666;
113;118;32;,0.16666666666666666;0.16666666666666666;0.16666666666666666;0.16666666666666666;0.16666666666666666;0.16666666666666666;
70;59;80;,0.16666666666666666;0.16666666666666666;0.16666666666666666;0.16666666666666666;0.16666666666666666;0.16666666666666666;
134;90;44;,0.16666666666666666;0.16666666666666666;0.16666666666666666;0.16666666666666666;0.16666666666666666;0.16666666666666666;
93;44;41;,0.16666666666666669;0.16666666666666669;0.16666666666666669;0.16666666666666669;0.16666666666666669;0.16666666666666669;
145;75;71;,0.16666666666666666;0.16666666666666666;0.16666666666666666;0.16666666666666666;0.16666666666666666;0.16666666666666666;
99;36;71;,0.16666666666666669;0.16666666666666669;0.16666666666666669;0.16666666666666669;0.16666666666666669;0.16666666666666669;
141;74;76;,0.16666666666666669;0.16666666666666669;0.16666666666666669;0.16666666666666669;0.16666666666666669;0.16666666666666669;
30;107;1;,0.16666666666666666;0.16666666666666666;0.16666666666666666;0.16666666666666666;0.16666666666666666;0.16666666666666666;
138;96;46;,0.16666666666666666;0.16666666666666666;0.16666666666666666;0.16666666666666666;0.16666666666666666;0.16666666666666666;
131;123;43;,0.16666666666666669;0.16666666666666669;0.16666666666666669;0.16666666666666669;0.16666666666666669;0.16666666666666669;
255;0;0;,0.16666666666666669;0.16666666666666669;0.16666666666666669;0.16666666666666669;0.16666666666666669;0.16666666666666669;
20;63;10;,0.16666666666666669;0.16666666666666669;0.16666666666666669;0.16666666666666669;0.16666666666666669;0.16666666666666669;
133;124;88;,0.16666666666666669;0.16666666666666669;0.16666666666666669;0.16666666666666669;0.16666666666666669;0.16666666666666669;
56;46;61;,0.16666666666666666;0.16666666666666666;0.16666666666666666;0.16666666666666666;0.16666666666666666;0.16666666666666666;
107;47;57;,0.16666666666666669;0.16666666666666669;0.16666666666666669;0.16666666666666669;0.16666666666666669;0.16666666666666669;
73;66;55;,0.16666666666666669;0.16666666666666669;0.16666666666666669;0.16666666666666669;0.16666666666666669;0.16666666666666669;
143;49;52;,0.16666666666666669;0.16666666666666669;0.16666666666666669;0.16666666666666669;0.16666666666666669;0.16666666666666669;
